49
-0.795401 -0.121753 0.506516 1.5961 1.48845 1.3225 1.15945 1.04771 0.81007 0.809113 1.11506 0.900407 0.89587 1.14493 1.078 0.976563 0.988237 0.923926 1.06422 1.12879 1.02951 0.476697 0.241149 0.14631 0.197476 -0.373373 -1.12975 -1.52991 -2.0328 -2.16111 -1.42745 -0.703128 -0.255008 0.130702 -0.00974235 -0.275807 -0.416433 -0.603666 -0.54627 -0.482316 -0.445811 -0.513934 -0.69431 -0.920318 -0.908891 -0.94437 -1.13459 -1.33104 -1.42058 
-1.44481 -0.856878 0.251848 0.717168 0.94702 1.0089 1.0738 1.09399 1.18265 1.19376 0.918329 1.06682 1.06023 0.895977 0.970327 0.901961 0.929103 1.01543 0.948825 0.849631 0.775017 0.832524 0.797362 0.985522 0.95551 0.856585 0.384044 0.290571 0.222821 -0.303617 -0.542507 -0.459744 -0.618937 -0.911624 -1.23564 -1.06817 -1.0518 -1.28161 -1.42682 -1.19445 -1.24716 -1.17074 -1.19723 -1.21348 -1.2807 -1.19874 -1.14834 -1.16591 -1.10682 
0.619199 1.13125 1.60858 -0.265698 -0.83958 -0.654409 -0.396226 -0.431573 -0.630603 -1.00121 -1.06976 -1.30798 -1.38308 -1.35701 -1.83043 -1.66049 -1.83411 -1.6348 -1.88187 -1.47349 -0.597335 -0.176411 -0.259476 -0.216859 -0.334595 0.391807 1.28025 1.19183 0.670951 0.0110781 0.389639 0.812247 0.659011 0.121723 0.83141 0.559709 0.610233 0.398419 0.817527 1.11967 0.646115 0.942423 0.814262 1.10472 0.84419 1.05013 0.735017 1.07265 0.802938 
-1.05255 -0.605464 -0.36122 0.164574 0.594862 0.428217 0.160483 0.378225 0.416091 0.394805 0.714711 0.745784 0.691877 0.747826 1.02543 1.10621 1.03256 1.12294 1.32087 1.46847 1.60288 1.65296 1.50857 1.10763 1.24891 1.09643 0.648097 0.332104 0.267875 -0.119633 -0.149727 -0.448912 -0.631249 -0.978836 -1.00674 -1.24617 -1.37659 -1.43519 -1.23789 -1.02967 -1.31007 -1.14216 -1.06109 -1.03346 -1.17199 -1.16366 -1.15001 -1.21359 -1.05354 
-1.55687 -1.05257 1.47086 1.08022 0.108536 0.4635 0.2714 -1.49609 -1.12783 -0.085794 -1.01958 -0.62461 1.07862 1.17708 1.92872 0.500111 0.706429 -0.277148 -1.73696 -1.95825 -1.91495 -0.410715 1.15187 1.13286 0.0798756 -0.553402 0.70778 1.58264 1.12765 1.34208 -0.162142 -0.979608 -0.10775 -1.82293 0.422517 0.441094 0.0510672 -0.303299 0.429804 0.917805 0.137573 0.0316593 0.166859 -0.031346 0.40302 0.70159 -0.372094 -1.46278 -0.556495 
0.631296 -0.508409 0.22955 -0.482264 -1.48209 -1.6769 -1.47332 -0.172898 0.0174479 -0.523358 -0.513518 -0.860212 -1.26533 -1.47932 -2.33653 -1.4818 -1.14995 -1.31025 -0.902605 -0.493558 -0.446294 -0.441681 -0.144824 -0.341343 0.200496 0.272558 1.02718 0.754656 0.991399 1.31335 1.5531 0.205001 -0.610996 -0.498033 0.316354 0.885352 1.02968 0.333968 1.06408 1.49946 1.69331 0.870163 1.51775 1.30999 0.836474 0.491397 0.234279 0.534964 0.782213 
1.14505 -0.674461 -0.297583 -0.0876375 0.63488 1.39461 0.398551 -0.787834 -1.43626 -1.14802 -0.685168 -0.655661 -1.22459 -0.798694 0.4067 -0.470149 -0.645495 -0.0761333 -0.969808 -0.542281 0.292039 0.180298 0.223793 1.331 0.743554 1.04809 0.312875 0.468902 0.284599 0.369159 -0.092352 -0.619859 -1.79794 -2.90639 -1.63234 1.06502 1.51621 0.394634 -0.084042 0.860397 0.228929 0.661006 1.40247 1.66534 -0.796572 -1.41178 0.532889 1.69201 0.588048 
0.454833 0.153633 0.373904 -1.75209 -2.05309 -2.33756 -1.86364 -1.86269 -0.745 -0.324124 -0.645347 -0.77153 0.709323 0.21334 -0.650214 -0.715073 -0.401788 -0.937108 -0.270727 -0.343074 -0.586872 -0.873765 0.243514 0.0463375 0.0789782 -0.24563 0.155559 1.30427 0.825446 0.164278 1.30124 2.91241 1.09218 -0.0778557 0.732056 0.670146 -0.204262 0.311451 0.729584 0.695073 0.0731256 0.352981 0.792415 -0.416534 0.107538 0.462914 -0.0759316 1.81665 1.38073 
1.52934 1.19169 -0.238196 -0.210784 0.34488 0.839374 0.609871 0.816899 -0.247396 -0.798276 -0.588607 -0.464491 -2.25053 -1.99813 -1.42316 -0.864255 -1.6018 -1.17619 -0.78706 0.222234 0.446606 0.500316 -0.087501 0.672334 0.75128 0.812516 -1.51205 -0.483047 0.639448 -0.874321 0.739039 2.16302 2.12376 -0.278512 1.42805 0.979906 1.29036 -0.656023 0.611877 -0.401826 -0.815851 -0.252172 -1.02945 -0.315758 0.0726284 0.00772004 -0.677624 0.916791 0.323054 
0.876932 -0.177905 0.130745 -0.583168 -0.771221 -2.45318 -2.64238 -1.92296 -1.57299 -1.36998 -1.01879 -1.43664 0.732182 1.36194 1.03314 0.655389 -0.232824 -0.00282288 0.474363 -0.194274 0.11599 -0.323451 1.3043 0.763399 0.700332 0.0393443 0.820767 -0.114347 -0.277472 -0.62896 -0.907448 -0.370801 0.692453 0.0539116 0.774418 -1.04847 0.0882148 0.119778 -0.654415 0.468813 0.167521 0.219598 0.680718 1.362 0.846525 -0.266791 1.53405 1.72755 1.22691 
1.03909 0.555787 0.468872 -0.120507 -0.507569 -0.260293 0.179427 -0.532549 -0.933495 -0.853468 -0.939112 -0.709902 -0.703825 -0.853915 -1.31517 -1.30791 -1.51813 -1.24783 -1.48018 -1.39248 -1.36278 -1.22746 -0.929825 -0.820541 -1.42156 -0.942167 -0.1653 -0.103977 0.177965 0.516936 0.930708 1.3296 0.951333 1.14563 0.261105 0.336428 1.02704 0.378919 0.699483 0.547403 1.33134 1.44801 0.781947 0.871478 1.50692 0.702171 1.43343 1.14017 1.88876 
0.306614 -0.660702 0.0394613 0.303365 1.03574 0.486493 -0.00726348 -0.341349 0.134935 0.192251 0.654495 0.733891 -0.162414 -0.138694 1.16613 0.843104 0.130943 0.883154 1.13196 1.55675 1.32385 1.46744 1.74754 2.03318 1.96446 -0.118943 -0.914878 -0.798162 -1.76994 -0.713959 -1.07554 -0.841083 -1.12778 -0.20734 -2.12827 -1.45875 -0.373059 0.2518 0.0589511 -0.580102 -0.161842 -0.893561 -1.03964 -0.219696 -1.13089 -2.02857 0.0672816 -0.270553 0.649177 
-0.969306 -1.52393 -0.567838 -1.2329 -1.58269 -1.09122 -0.611979 0.691185 0.784441 1.10479 0.674874 0.309063 0.467946 0.632582 -0.136436 1.25962 1.85113 1.56981 1.0637 1.08511 0.91816 0.166426 0.384626 -0.467541 -1.83831 -0.598561 -1.41615 -0.362917 0.0780324 1.33222 -1.14686 -0.121681 1.28776 2.05674 -0.109027 0.778625 -0.618625 -1.61871 0.655529 1.07286 -0.805412 -0.493585 -0.0848845 -0.318132 -0.134447 -1.71368 -0.123027 -0.501117 -0.0362452 
2.06665 2.06665 2.71854 1.56514 -0.402623 -0.489448 -0.404502 -0.521395 -0.347761 0.50419 0.169265 -0.317355 0.409423 0.311629 -0.237704 -0.114502 -0.0563159 0.145273 0.347263 -0.0282321 -0.995833 -1.20939 -0.491627 -0.0422673 -0.788307 -2.05395 -1.78643 -1.38915 -0.963096 0.974934 2.31125 1.86373 1.33303 0.410581 -0.610933 -0.611217 -0.487665 -0.177309 0.216371 0.183627 -0.0233738 -0.363286 -0.610736 -0.310128 -0.0115153 -0.327549 -0.579838 -0.422043 -0.422043 
3.37628 3.37628 3.127 1.34009 0.519825 0.184443 0.0996659 0.147984 0.129536 -0.610732 -0.331409 0.215185 -0.420686 -0.256112 -0.0611581 -0.157141 0.157373 -0.0332253 -0.410418 -0.426708 -0.108106 -0.0278909 0.237749 0.24822 -0.335477 -1.23522 -1.22413 -0.401121 -1.28142 -1.62937 -0.39076 -0.22872 -0.992078 -1.3272 -0.391614 0.300458 -0.507277 -0.835802 0.103872 0.291949 -0.0250985 0.0281924 -0.160234 -0.243023 -0.0433488 0.195785 -0.00658369 0.011088 0.011088 
1.41084 1.41084 -2.07709 -3.61357 -0.603422 0.612747 0.290433 -0.377844 -0.867864 -0.67715 -0.483656 -0.493228 -0.106941 -0.689133 -0.478837 -0.0406489 0.00226895 -0.105089 0.200506 1.84225 1.86058 0.458554 -0.0943909 -0.145067 0.854372 2.32504 1.13406 -0.925846 -1.76109 -0.446444 1.13574 0.358449 -1.04456 0.216712 0.604901 -0.358549 -0.271016 0.267715 1.01893 -0.285811 -0.294342 0.210497 0.201941 0.00847186 -0.115059 -0.194841 -0.00234808 0.0640031 0.0640031 
1.83628 1.83628 2.04646 2.54324 0.694256 -1.16964 -0.14323 0.672801 0.0345355 0.787653 0.927466 -0.0707099 -0.00428413 0.880939 0.947246 0.00930804 0.0349168 0.760104 0.912933 0.743297 0.482894 -0.261557 -1.4659 -0.703088 -0.0396474 -1.61407 -2.05069 -1.02503 -1.21599 -1.12484 -0.888997 -1.29552 -1.42477 -1.01239 -0.723593 -0.997349 -0.514474 0.360645 1.07312 -0.202479 -0.310117 0.655099 0.280528 -0.30586 -0.357426 0.0489537 -0.143045 0.247866 0.247866 
2.0653 2.0653 1.44038 -1.00023 -0.47958 0.0647961 -1.41729 -1.026 0.935867 0.0266563 -0.42518 1.41622 1.20917 0.544686 -0.521649 -0.902446 -0.591682 -1.75512 -1.22282 -0.173223 1.0317 2.0926 1.02893 -0.797494 -1.22643 0.389529 1.44265 0.244258 -0.216912 -0.949576 -1.67014 -0.0109483 -0.637814 0.321349 1.53202 -0.308309 -0.568731 0.215538 0.803753 -0.252992 -0.667716 -0.0284799 -0.0929261 0.115979 0.462871 -0.590184 -1.56029 -0.177695 -0.177695 
-0.536305 -0.536305 -0.00151504 -2.17346 -1.52728 -0.023226 1.84556 1.82902 -0.472206 -0.697809 -0.455202 -0.973831 -0.807966 -1.37301 -0.0373002 1.44883 0.18022 0.27495 0.986537 0.53612 0.0306464 0.342595 0.091214 0.3974 0.733082 0.999024 0.56835 -0.0789109 0.664079 0.667846 -1.41944 -2.73895 -0.912865 1.12484 1.69481 0.857348 -0.723328 0.00880632 1.42248 0.752234 -0.820711 -0.253609 0.515518 -0.885674 -1.05729 -0.786833 0.0202592 0.650634 0.650634 
-1.04761 -1.04761 0.417391 0.666897 1.06377 -0.176815 -1.58165 -1.3307 -0.266223 0.535969 0.3492 -0.39561 -0.109467 1.17136 0.230949 -0.76576 0.27821 -0.240328 -0.342713 0.904669 0.515389 -0.0554812 0.824439 0.368981 -0.210442 -0.31711 -0.424314 -0.0266281 -0.078218 -0.278325 -0.720156 -1.23742 -1.65679 0.11332 2.86061 2.26662 -0.490143 -1.16138 0.330002 0.219706 -0.150151 0.840925 0.718775 -1.59363 -2.22748 0.953476 2.2343 0.0336006 0.0336006 
-0.152138 -0.152138 -1.86753 -2.35755 -0.626433 0.10203 0.370344 0.975514 1.37026 0.0176178 -0.496644 1.19739 0.849764 -1.35409 -0.948812 0.157471 -0.284784 0.0471433 0.482359 -0.373251 -0.574935 0.704541 0.788879 -0.230732 -0.350524 -0.00407057 1.38092 0.553664 -1.1477 0.371204 2.50731 -0.272581 -2.88705 -0.414595 0.627096 -0.956244 -0.413251 0.801799 0.284563 -0.693163 -0.397644 0.600106 -0.79944 -0.719877 0.750662 -0.248531 1.19652 1.29327 1.29327 
-1.46299 -1.46299 -1.15278 0.534459 0.931364 0.264163 0.0198873 -0.689483 -1.33352 -0.25096 0.322622 -1.37325 -1.26424 0.742049 1.0025 -0.112815 -0.226079 0.731317 1.2273 1.0873 0.275287 -0.414876 0.185159 0.751746 0.158106 -1.8843 -1.06193 1.86724 -0.293503 0.123614 2.61999 1.21567 -2.03572 -0.552199 1.10833 -0.0780191 -1.35116 -0.537563 0.254992 -1.17424 0.166155 -0.142518 -0.0150477 0.975481 0.313864 -0.598547 0.811475 0.889318 0.889318 
-0.780046 -0.780046 -0.434996 -0.937711 -1.91747 -1.91863 0.511808 1.0575 0.53484 0.536068 -0.0922939 1.74734 2.80762 0.279771 -0.739931 -1.30611 -0.691006 0.690915 -0.218598 -0.387539 -0.15557 1.17786 1.07517 -0.636107 -0.757647 0.0970629 -0.18038 -1.13636 -0.545671 -0.66243 0.236454 1.59443 0.405022 0.0581275 -1.14055 -0.719337 1.15756 -0.776446 0.328429 0.807053 -0.27706 0.494577 1.13139 0.142985 -1.67333 0.671019 1.99365 -0.335688 -0.335688 
-1.09637 -1.09637 -1.29114 -1.84223 -0.306084 1.21193 -0.549307 -2.09281 -0.638654 -0.0597416 0.214165 0.382569 -0.313846 -1.1719 -0.882997 -0.42207 0.0608812 0.0202551 -0.315004 0.166125 0.253558 0.745493 0.697691 -0.952281 -0.272742 2.25713 1.48953 0.580823 1.0906 1.33265 1.44266 -0.0115613 -0.387208 -1.31672 -1.53517 1.35687 0.0285862 -0.650848 0.259916 1.1107 1.60414 -1.05815 -1.10798 1.28166 -0.360287 -0.184355 0.754761 0.786568 0.786568 
-0.29369 -0.29369 0.959553 0.992341 0.164644 -1.08342 -0.864408 0.122983 0.521385 0.507094 0.529569 -0.85328 -0.909951 1.33055 0.9776 -1.07546 0.0190071 0.997164 0.663883 0.173566 -0.112669 0.40951 0.554108 0.199039 -2.21238 -2.9526 -0.713127 -0.892114 0.0639497 0.685066 -0.151157 -0.074942 0.62332 -1.04014 -1.29555 1.76485 1.71939 0.417979 -0.868541 -0.246502 -0.340825 -0.915253 0.664159 -0.114644 -1.86299 1.19784 1.76771 0.570545 0.570545 
0.297149 0.297149 0.20381 -0.899873 0.0775825 0.778254 1.46427 1.13805 0.307404 -0.134758 -0.714673 -0.217045 0.23127 -0.552958 0.487791 1.63766 0.220008 -0.707665 -0.451813 -0.165157 -0.818591 -0.49308 -0.577963 -1.9209 -0.15289 0.314634 0.157001 1.22068 1.39051 -1.07739 -1.27094 2.0155 1.79897 -1.22267 -1.12237 -0.47285 -2.0683 1.03471 2.23266 -1.27689 -1.36606 0.566806 0.10613 -0.0840448 -1.22163 -0.0325051 0.98266 0.0311877 0.0311877 
0.679925 0.679925 -0.38423 -2.80119 -1.81714 0.0767407 0.048999 0.130824 1.0247 0.555495 -0.679505 0.300051 0.658791 -0.518583 -0.314686 0.245827 0.318149 0.450826 -0.0816062 -1.1607 -1.0113 0.543668 1.15529 -0.19525 -1.77756 -0.84242 0.691837 0.838103 2.25964 3.09947 0.898498 -0.824061 -1.26224 -1.71507 -0.864264 0.192204 0.478809 0.728036 0.411483 -0.142721 -0.426122 -0.463442 0.127519 0.631331 0.0624 -0.445875 -0.00870798 0.22406 0.22406 
-0.134158 -0.134158 -2.3704 -3.08495 -1.26843 -0.348001 0.132182 0.21519 -0.77169 -0.399043 1.21141 0.066082 -0.411998 0.627742 0.301665 0.451291 0.332884 -0.532756 -0.314617 0.556139 0.67691 0.61063 0.523348 -0.539557 -1.67865 -0.934305 1.22164 0.106124 -1.35929 1.29242 1.93066 -0.574713 -1.19689 0.929262 2.21475 0.0330606 -1.24417 0.942634 1.58914 0.0164084 -0.15227 0.00869222 -0.161605 0.324086 0.726957 0.223819 -0.0533316 0.199924 0.199924 
-2.00802 -2.00802 -2.92541 0.954399 2.59792 0.60821 -0.516938 -0.617071 -0.104192 0.303915 0.18433 0.29944 -0.0424539 -0.147533 0.461706 0.361769 0.0360395 0.192876 1.23721 1.06569 -0.751647 -1.09274 -0.28589 0.640993 1.54934 0.241508 -1.86649 -1.65409 0.360752 1.80413 0.555093 -1.22728 -0.010112 1.05936 -0.268957 -0.448469 0.448439 0.844704 -0.255979 -0.709601 0.370846 0.370831 -0.0461086 -0.114756 -0.0468772 0.141811 0.229063 0.114131 0.114131 
0.254746 0.254746 0.7364 -1.26006 -3.54884 -0.761015 1.8373 0.223316 0.162319 0.916702 -0.781257 -0.852409 0.973631 0.973516 -0.79412 -0.833579 0.778896 0.902241 0.0346697 -0.365977 -0.923286 -1.83848 -0.377119 1.43378 -0.832272 -1.89883 0.622068 0.860245 -0.0458085 0.367996 -0.114522 -0.468487 0.325479 0.730784 0.0655451 0.253716 1.3676 1.59021 -0.495009 -1.29014 0.882425 0.623622 -0.880728 -0.56756 0.394973 0.258817 0.243819 0.42997 0.42997 
-0.374159 -0.374159 -2.03798 -1.25701 0.777925 -0.587391 -0.691748 1.65608 0.76949 -0.875988 0.999175 1.16605 -0.542278 -1.12807 -0.934675 0.00412845 -0.529419 -0.378395 1.13029 1.58884 1.59654 0.0499854 -1.91838 -1.48566 0.861095 1.87145 -0.0471634 -1.07949 -0.761995 -0.938831 0.691757 0.755634 0.278407 1.5311 -0.377383 -1.38026 0.408991 0.987529 -0.267537 -0.951266 0.204927 0.44372 0.150352 0.430773 -0.429537 -1.32737 0.333075 0.994419 0.994419 
0.298166 0.298166 -1.10185 -1.03006 1.33947 2.12755 1.14739 -1.54057 -1.67533 -0.0355952 -0.224478 -0.273946 -0.303864 0.45021 1.77239 0.093656 -0.803234 0.473191 0.121793 -0.662717 -0.171301 -0.00751449 -0.0112293 0.367188 0.341247 -0.152741 -0.741385 0.0151504 0.434798 -1.38958 -2.24255 0.279977 2.44402 1.63433 -0.218979 -1.60527 -0.59352 1.33662 0.432653 -1.4925 -0.694916 0.814768 -0.453981 -1.06038 0.0171563 0.648027 0.880025 0.359779 0.359779 
0.832041 0.832041 0.97662 0.357681 -0.505772 -1.5498 -0.685508 0.74537 1.0648 0.339743 -0.556688 -0.282653 0.891129 0.180387 -1.13936 0.010514 0.287597 -0.376674 0.646611 0.480367 -0.573243 0.162211 0.229088 -0.616547 -0.414436 -0.140803 0.151451 0.183678 -0.162721 -0.388851 -0.572634 -0.559617 0.765834 2.6008 1.23088 -1.95851 -2.00327 0.458372 0.783418 -0.295103 0.343101 0.486639 -1.42761 -1.72412 1.45908 2.56857 -0.549906 -1.2921 -1.2921 
-1.05931 -1.05931 -1.3574 0.739195 1.48042 0.590569 0.515567 0.592481 -0.598505 -1.15148 0.701891 0.803257 -1.56792 -1.10991 0.903724 0.38815 -0.0829089 0.450877 -0.27153 -0.658971 0.639853 0.813846 -0.584743 -0.708919 0.12209 1.03748 0.323489 -1.55401 -0.126789 2.20764 -0.407424 -3.29731 -0.102184 2.12194 -0.345291 -0.648661 1.05366 0.408703 -0.925214 -0.430796 0.770932 -0.260216 -0.81877 0.92717 0.270937 0.255432 0.922122 0.0430637 0.0430637 
0.127785 0.127785 1.17297 1.22667 -0.231822 -0.629012 -0.655135 -0.902774 0.207268 0.961543 -0.759601 -1.04739 1.24597 1.33979 -0.593942 -0.825449 0.458529 0.835939 0.156138 -0.654124 -0.994932 -0.120214 0.658301 -0.0811409 -1.69732 -0.820153 2.25957 0.411632 -1.1445 1.74043 0.612107 -2.94844 -1.15952 1.88326 0.229356 -1.58796 -0.349054 0.930573 -0.458781 -0.119414 0.574733 -0.176631 0.62818 0.139367 -1.03944 0.243871 0.8573 -0.0161609 -0.0161609 
0.232085 0.232085 -0.085471 -0.92233 -0.605502 1.54865 1.89409 0.0286724 -0.315256 -0.382025 0.779259 1.84594 -0.91291 -2.2268 -0.98765 0.0450283 1.27561 0.312535 -0.667115 0.053937 1.00296 0.791561 -1.13173 -1.14363 0.477253 0.378772 -0.765006 -0.216624 0.313496 0.508177 1.43974 0.120605 -0.956331 -0.962186 -0.476986 1.46579 -0.0219511 -0.509621 1.01439 -0.368352 -0.183261 0.903817 -0.207971 -1.75757 0.347673 2.33048 -0.621795 -1.45727 -1.45727 
-0.183619 -0.183619 -0.560775 0.623835 2.0399 -0.21678 -2.31204 -0.11147 1.34108 0.533334 0.252388 -0.411685 -1.11418 -0.43984 0.46285 0.595654 0.252398 -0.307572 0.0495092 0.338793 0.346188 0.253636 -1.21225 -0.714472 2.14615 1.15575 -1.19756 -0.323344 0.464214 0.190623 -0.970277 -1.30266 -0.943556 -0.835967 1.77945 1.01989 -1.42438 0.107996 1.15525 0.869644 -1.53465 -1.90645 1.55101 0.461387 -1.05364 0.7128 0.614163 -0.0285535 -0.0285535 
0.752234 0.752234 0.772504 -0.513923 -1.30574 -0.658669 0.723278 0.834176 0.214941 -0.0174547 -0.863491 -0.912419 1.32752 1.14436 -1.5099 -0.615112 1.25877 0.376145 -0.531658 -0.502575 0.123345 0.389684 -0.152626 -1.73274 -1.97084 0.904317 1.25127 0.457871 0.952491 -0.155492 -0.492347 0.456264 -0.619197 -1.20875 1.71152 1.84131 -0.855143 -1.62236 -0.433293 0.303717 -0.435933 0.598762 0.472418 -1.58479 0.788859 2.22196 -0.410307 -0.762593 -0.762593 
-0.0361013 -0.0361013 -0.687572 -0.0555144 1.00954 0.837513 0.231368 -0.663869 -0.732304 -0.584308 -0.0295772 0.577355 -0.179286 0.17041 1.31205 -0.13907 -1.36538 -0.377561 0.33922 -0.197504 -0.174569 0.161029 -0.823805 0.269901 1.33856 0.201913 0.553803 0.747096 -1.33748 -1.55198 1.84463 1.83107 -1.8924 -1.70538 0.461591 -0.539355 0.908861 2.55772 -1.34547 -2.10522 1.10727 0.887983 -0.365184 -0.76474 0.0494161 1.32012 0.0565898 -0.542631 -0.542631 
