57
-0.8632 -0.911757 -0.48777 0.552938 0.723512 0.89775 0.99802 0.958473 1.0446 1.06482 0.99669 1.04507 1.02887 0.936401 1.00092 0.997858 0.964517 0.969451 1.00334 0.892746 0.970519 0.980708 0.976032 1.01582 1.06137 1.10775 1.05533 0.95123 0.79766 0.577202 0.342324 -0.0529517 -0.307333 -0.871789 -1.62691 -2.1473 -2.07432 -1.7172 -0.918977 -0.377377 -0.154825 -0.232688 -0.204024 -0.352371 -0.517929 -0.821399 -0.927631 -0.821942 -0.762127 -0.862076 -1.0275 -0.981018 -1.10776 -1.17207 -1.13192 -1.26004 -1.21775 
-1.66624 -1.51405 -0.71351 0.0687388 0.586966 0.935876 0.976384 1.05474 0.99545 0.949291 0.927257 0.910985 0.943593 1.04586 0.957248 0.900886 0.896683 0.88252 0.821636 0.949031 0.809203 0.831324 0.844236 0.813175 0.769693 0.741937 0.768304 0.819563 0.85739 0.765775 0.770899 0.793234 0.726201 0.680543 0.548811 0.358109 0.00888163 -0.4969 -0.534466 -0.645184 -0.901992 -1.0514 -1.01691 -1.18881 -1.26377 -1.37825 -1.3658 -1.3218 -1.25751 -1.283 -1.33168 -1.10853 -1.36064 -1.39108 -1.39635 -1.35331 -1.16926 
0.917895 0.823959 1.78195 1.24453 0.580181 -0.255664 -0.892371 -0.899738 -0.794409 -0.877153 -0.667121 -0.754767 -0.994739 -1.23008 -1.29303 -1.3119 -1.23812 -1.14574 -1.09603 -1.16883 -0.838493 -0.934119 -1.01704 -1.06423 -1.01181 -1.05543 -1.1088 -1.09152 -1.15378 -0.957958 -0.829394 -0.524416 -0.0417721 0.367613 0.26793 0.377841 0.234512 0.412142 0.88924 1.00796 0.425667 0.45384 0.377583 0.510189 0.862051 0.831918 1.22813 1.40768 1.16588 1.11347 1.21806 1.46847 1.26217 1.09281 0.916972 1.40196 1.60584 
-1.18041 -1.14873 -0.232905 -0.0348532 -0.244634 -0.00571883 0.482758 0.546023 0.597651 0.718452 0.787979 0.733549 0.894652 0.956425 0.992475 1.13267 1.14838 1.04646 1.0265 1.07326 0.996532 1.0314 1.10159 1.17516 1.18496 1.19686 1.24137 1.154 1.07639 0.907199 0.835596 0.701679 0.52583 0.245691 0.0894139 0.13143 -0.0350866 -0.154663 -0.504881 -0.817642 -1.04903 -1.19749 -1.17299 -1.44799 -1.21786 -1.19564 -1.08941 -1.25186 -1.33734 -1.1832 -1.46998 -1.23094 -1.30366 -1.53651 -1.35664 -1.20586 -1.1264 
-0.677956 -1.29423 1.48093 0.516226 0.607184 0.78399 -0.125631 -0.063446 -0.229977 -0.4285 -0.222721 0.340781 -0.0771859 0.126716 -0.181732 -0.533984 -0.564615 -0.36961 -0.577376 -0.413197 -0.519853 -0.650456 -0.807046 -0.910438 -0.793046 -0.613376 -0.362853 -0.339123 0.107297 0.298376 -0.407807 0.345069 -0.256161 0.487025 1.67903 3.30064 4.03582 2.60085 -0.439554 -1.03763 0.252594 0.852347 0.271565 -0.463505 -0.316076 0.00247213 0.664448 -0.762308 -0.721171 -0.540892 -0.108245 -0.530667 0.0903711 0.184532 -1.48377 -0.231257 -0.972858 
0.625185 0.23348 1.32592 0.157217 0.133592 -0.325372 -0.912261 -0.859159 -0.447063 -0.0343227 -0.243459 -0.67001 -1.04577 -1.44613 -0.996931 -1.22448 -1.54791 -1.603 -1.30716 -1.59081 -1.27891 -0.929548 -0.705925 -0.652496 -0.7154 -0.280297 -0.120078 -0.0609513 -0.327846 -0.227284 -0.385017 -0.424712 -0.782251 -0.149415 0.204433 0.37198 1.17662 1.70888 0.0224156 -1.15338 -0.874085 0.60814 -0.0539706 0.244249 0.664223 0.690792 1.30169 0.859633 1.41935 1.92735 1.18134 0.587384 1.44933 1.0538 1.25334 2.09444 2.08061 
-0.193075 0.0257488 -0.593818 0.235955 -0.644908 -0.795856 0.0652025 -0.151544 -0.204063 -0.0756806 -0.220249 0.077056 0.874051 1.44992 1.12558 1.0185 0.859765 0.620831 0.323618 0.938344 0.902569 0.868309 0.727576 0.895256 0.908397 0.563844 0.185536 0.219583 0.741998 0.353904 0.519728 0.533363 0.347865 0.495771 1.09066 1.72744 0.750566 -0.221795 -1.53277 -2.71121 -3.02488 -2.72634 -2.22818 -1.43412 0.0120929 -0.932541 -0.781815 -0.256476 -0.4001 -0.280841 0.211283 0.513383 -1.04004 0.0215366 -0.134962 0.278608 0.101416 
1.26099 1.9124 1.11734 0.178762 -0.711146 -0.318169 -0.932347 -0.45755 -0.363882 -0.603215 -0.353896 -0.450852 -0.678992 -0.812558 -0.821747 -0.584866 -0.651102 -0.289924 -0.308503 -0.665707 -0.584272 -0.644346 -0.567319 -0.777504 -1.0615 -1.63708 -1.91056 -1.66994 -1.62826 -0.657333 -0.575862 -0.309028 -0.155079 -0.597306 -1.61606 -0.685449 0.0169671 0.845427 1.48062 1.0437 1.07984 0.533279 0.330654 -0.295304 0.51555 0.697311 0.84331 0.38681 0.956879 1.34152 1.78908 1.74485 0.719233 1.25679 1.41944 1.85587 1.05007 
-0.914245 0.57171 -1.33521 -1.43421 -0.839441 0.303646 0.89265 1.02951 0.558148 0.313442 -0.106746 -0.273877 -0.0222812 0.7226 1.01801 1.14268 1.5865 0.91124 0.92051 1.55688 1.30659 1.01584 -0.0569587 -0.0416727 0.294325 0.38225 -0.116253 -0.542833 0.307438 0.557788 1.43094 0.751585 1.58262 0.836231 0.922795 0.810088 0.414496 -1.75826 -1.47702 -0.0701935 -1.1839 -0.216299 -0.0325074 -2.09373 -1.29745 -1.59625 -0.0639566 -2.64251 -0.323045 -0.740254 -1.61787 -1.1213 -0.33726 -0.221248 0.162959 0.328411 -0.155075 
2.00645 1.99344 0.63742 0.923301 0.00917845 -1.19402 0.00804609 0.654606 0.207293 -0.30863 -0.725719 -0.675046 -1.1399 -1.28841 -0.823094 -0.625689 -0.341666 0.376493 0.258413 0.212133 -0.371521 -0.983234 -0.371245 -0.829743 -1.17756 -0.340846 0.00675397 -1.0655 -1.64947 -1.69536 -1.02441 -0.347926 -0.720746 0.35161 0.549255 -1.01558 -0.883763 -0.563414 -1.06753 -0.746095 0.0187155 0.211123 1.20631 0.989843 0.597 0.983056 1.9797 0.0918732 0.448584 -0.215901 -0.904269 1.50498 -0.0406035 1.99299 1.52351 1.42863 1.96617 
0.683044 1.00641 1.02874 0.332843 -0.187052 -0.1754 -0.570516 -0.80604 -0.698861 -0.890935 -0.979057 -0.74159 -0.832978 -1.25434 -1.27408 -1.29134 -1.20977 -1.25681 -1.06377 -1.2196 -1.17709 -1.13854 -1.02504 -0.935242 -0.858364 -0.881268 -0.835976 -0.563918 -0.828446 -0.882128 -0.770961 -0.287513 -0.19936 -0.0114184 -0.571549 -0.713053 -0.0986172 1.02343 1.13505 0.78418 1.47279 0.98399 0.656061 1.24476 1.11223 0.851195 1.3525 0.970224 1.10314 1.31792 1.60853 1.01138 1.21055 1.15011 1.37552 1.65964 1.15637 
-0.225588 0.693888 -0.0869507 0.0311039 -0.0314971 0.00133596 -0.137326 -0.45386 -1.23892 -0.958117 -0.863961 -2.04602 -1.49517 -0.130954 -0.389943 -0.0870756 -0.0366229 0.199706 -0.381422 0.0064378 -0.112014 -0.0502358 -0.617401 -0.346655 -0.0423245 0.0618238 0.956288 1.33924 1.72297 0.569911 1.42002 1.82758 1.37202 0.742317 0.0971098 0.0687797 -0.423905 0.0128531 -0.558353 0.352489 -0.202676 -0.552498 -1.88026 -1.90262 -1.68715 -0.80199 -1.22171 1.78514 1.46855 1.0591 2.67667 0.591604 1.2426 0.795186 -0.961291 -0.4169 -0.753288 
-0.0957019 -1.48833 -1.24572 -0.777959 -1.5409 -1.60918 -1.13152 -0.795017 -0.371248 -0.0693777 0.22764 0.623589 0.609427 0.204289 0.463008 0.620371 1.1818 1.94062 1.76563 0.899776 0.668732 0.607761 0.809796 0.102482 -0.264999 0.0827199 0.343289 0.962116 0.39399 1.04639 0.600775 -0.18358 -0.42016 -1.71438 -2.58256 -1.82487 -0.745652 -0.0455644 0.522655 0.821803 1.51634 1.92976 1.31737 -0.956431 -1.2571 -0.774287 -0.699565 0.0530218 -0.808241 0.411339 0.401284 0.50333 1.17132 -0.0907622 -1.07383 -0.265154 0.0296595 
0.758433 0.758433 2.91724 2.415 0.697749 0.558414 0.134715 0.106693 0.225139 -0.0805922 -0.0247746 0.0781544 -0.201005 -0.041031 0.136169 -0.0577826 -0.0419298 0.091321 -0.137655 -0.0506899 0.1887 0.025294 0.0839609 0.183508 0.196567 0.00238234 -0.295845 -0.4963 -0.726917 -0.88806 -1.23453 -1.27319 -1.60848 -2.6009 -2.51356 -0.872348 0.866785 2.30414 2.66975 1.52884 0.301127 -0.0831402 -0.222831 -0.607758 -0.915196 -0.797619 0.0132929 0.342379 -0.0651729 -0.511567 -0.221363 -0.1447 -0.36428 -0.0335102 -0.159985 -0.155741 -0.155741 
2.27583 2.27583 3.83358 3.1356 2.06421 0.883095 0.214183 -0.0325651 -0.340426 -0.248304 -0.174412 -0.0393165 0.253771 -0.045942 -0.438148 -0.229445 -0.125112 -0.265253 0.0847366 -0.110441 -0.370724 0.00690969 -0.124575 -0.264005 -0.255834 -0.0831388 0.112219 0.140554 -0.21269 -0.293545 -0.011815 -0.190217 -0.358323 -0.518284 -0.876891 -1.41463 -2.19363 -1.42308 -0.446323 -0.988378 -1.08405 -0.363829 -0.419427 -0.690035 -0.548066 -0.331975 0.0598582 0.188045 0.0162171 -0.263097 0.351669 -0.1513 -0.778281 -0.168002 0.0136639 0.481765 0.481765 
1.63039 1.63039 0.742767 -2.50427 -3.10154 -3.04623 -1.38806 0.0970865 -0.0537777 0.155782 0.145972 -0.754692 -1.05029 -0.695994 -0.262743 0.0109216 0.233571 0.185408 -0.145194 0.416465 0.370793 -0.456338 -0.359383 -0.0885041 -0.0813753 -0.293096 -0.17122 -0.189009 0.168348 0.550262 0.768735 1.47741 1.68638 0.520876 -0.0785093 -0.165864 -0.0303274 1.21143 1.09352 -1.0268 -1.20803 -0.195217 0.0138006 0.870662 0.544947 0.63372 1.05338 -0.223579 -0.687834 0.00546212 0.611552 -0.0107068 -0.85085 -0.789873 0.519777 1.27975 1.27975 
2.69908 2.69908 3.18355 -0.0941618 0.0248296 2.05812 1.54664 0.274556 0.442094 0.494218 -0.016045 0.250617 0.588994 0.224849 0.453204 0.393977 -0.311046 -0.414926 0.0180469 -0.147261 -0.181915 0.245901 0.358627 0.18277 0.00317422 0.104265 -0.184818 -0.540421 -0.77868 -0.761194 -0.658475 -0.962033 -1.38782 -1.33083 -0.392732 -0.422547 -0.893096 -1.42803 -1.99057 -1.64455 -1.16611 -0.42096 -0.789456 -0.190677 0.674843 0.314037 -0.223717 -0.781976 0.139905 -0.446247 -0.199006 0.424313 -0.949833 -0.214283 0.902846 0.610442 0.610442 
1.73068 1.73068 1.44333 -0.770314 0.171083 -0.65409 -0.748616 -0.135793 -0.350799 -0.0437569 0.584682 0.0702822 -0.226278 -0.135959 -0.594616 -0.365502 0.0858182 -0.060264 -0.0856865 -0.00230157 -0.245407 -0.286587 -0.264146 -0.0381943 0.195245 0.305037 0.176435 0.33799 0.476002 -0.474543 -0.0112329 0.0753214 0.0673299 1.5462 2.27063 1.89389 -0.626851 -3.74056 -3.05037 0.521071 1.50891 -0.0340954 -1.13492 -0.534365 0.334549 0.758893 -0.680451 -1.19245 0.13286 0.455736 -0.0413074 0.114058 0.540081 -1.34793 -0.39264 0.371608 0.371608 
0.794512 0.794512 -0.208068 -1.64815 -0.732361 -1.45915 -0.798422 0.490592 0.954642 0.15305 -0.929907 -1.1449 -1.1111 -0.0466474 0.176328 -0.82061 -0.59807 0.200988 -0.0939458 -0.0732091 0.743584 0.629666 0.247823 -0.121889 0.370592 0.658494 0.173364 -0.377752 -0.324287 -0.183433 -0.364409 -0.622224 0.245558 1.16348 0.563103 1.14477 1.61537 -1.59896 -3.8029 -1.26644 2.16326 0.948549 -0.579201 0.817039 0.46652 0.712876 0.108196 0.0421477 1.26803 -0.416765 -1.83865 0.236123 0.492167 -0.362552 1.2331 0.957787 0.957787 
-0.480709 -0.480709 0.240067 -0.0682009 -1.22522 0.829835 0.752209 -0.325596 0.0815735 -0.0270226 0.172266 1.28309 1.61173 0.288815 -0.516903 -0.321522 -0.477084 -0.640453 0.366663 0.675098 -0.0905513 -0.214378 0.0238645 0.205399 -0.398914 -0.86073 -0.414074 0.648566 0.150541 -0.270153 0.203792 -0.210684 -0.0522763 0.868398 1.44514 -0.409161 -2.30756 -2.70172 -2.94484 -1.76826 -0.0257818 0.931978 1.51659 2.63507 0.583813 -0.944549 0.789668 0.442406 -0.0366708 0.713359 0.929068 -1.4842 -0.588188 1.05986 0.295357 0.270943 0.270943 
-0.181687 -0.181687 -2.40461 -2.5372 -0.6756 -0.290111 -0.175722 0.813895 -0.184507 0.0331046 0.232157 -0.435362 -0.486546 -0.180439 0.337472 0.257717 0.431492 0.498119 -0.506228 -0.3664 0.0490073 0.0428444 -0.16702 -0.671756 -1.18261 -1.1679 -0.0267938 0.413814 1.43484 1.49047 0.506098 0.607426 -0.38389 -2.02341 -0.104086 2.30223 2.15941 2.06543 0.296338 -0.541178 -0.694456 -1.02827 -1.13927 0.27764 1.40689 0.477373 -0.414957 0.17792 1.35389 1.18262 0.583025 -1.47657 -0.663196 0.998078 0.856704 -0.497266 -0.497266 
-0.419315 -0.419315 -2.01286 0.502396 1.75121 1.74542 0.733734 -0.33238 -0.716013 -0.664565 -0.586569 0.0888585 1.00582 1.04987 0.426295 0.575506 -0.228761 -0.665663 0.653076 0.392111 -0.540037 -1.36701 -1.05931 0.357125 0.430158 -0.408869 -0.926165 0.429924 1.11053 1.13353 0.198783 0.156441 0.089041 -0.659469 -0.022349 -0.50712 -2.57834 -1.89784 1.70116 0.298648 -0.142962 1.16158 -1.88368 -1.26787 0.504116 1.24412 -1.048 -0.256558 1.91651 -1.29791 -0.379179 1.29149 0.908872 0.506868 0.556576 -0.315823 -0.315823 
-1.38232 -1.38232 -1.07449 -0.619367 -2.153 0.0265054 1.93161 0.23288 -0.964385 -0.933256 -0.349707 -0.398901 -0.604043 0.353956 0.71022 0.523503 1.05984 0.645705 -0.141606 -0.62111 -1.20346 0.0279555 0.185755 -0.802764 0.531197 1.24742 -0.71866 -1.67811 -0.621037 0.67143 1.41542 0.340426 0.748137 1.33567 -1.38042 -1.44822 0.493366 -0.161592 -0.160475 1.14642 1.01353 1.2508 0.829691 -0.599865 0.0206817 1.45174 -0.890176 -1.54926 -0.289312 -1.36566 1.80004 0.917179 0.530283 1.63858 -0.553567 0.483579 0.483579 
0.684568 0.684568 -1.47091 -2.61758 -1.1213 -0.857422 -1.38014 -0.317909 -0.226023 -0.639035 0.269337 0.262429 -1.13082 -0.979309 -0.12475 0.0895158 0.0265274 0.262261 0.0322131 -0.286143 0.124931 0.275055 0.383425 0.305988 0.0676506 0.000853357 0.624624 -0.030568 -0.719425 0.0750746 1.21097 1.1623 0.53738 -0.833576 -1.53027 0.953639 3.62572 2.5624 -0.552437 0.667757 0.376057 -1.77368 0.50498 0.918191 -0.878791 0.461621 0.205225 -0.573826 0.688806 1.02227 -0.694754 -0.888121 0.246887 0.302376 1.03104 -0.509929 -0.509929 
0.169229 0.169229 -0.671582 0.0819571 -0.00745302 -0.0872529 -0.453791 -1.13196 -0.505263 0.417167 -1.11759 -0.638451 2.03297 1.18332 0.0698134 0.394464 0.324654 -0.337968 -0.178989 0.306427 -0.0356812 -0.506449 -0.28721 0.62712 0.452333 1.07147 1.36397 0.828137 -0.783359 -0.294058 1.34326 -0.0265839 -1.11482 -1.31379 -0.682864 -0.522844 -0.0348975 -0.117278 0.380107 0.396936 -0.925689 -1.73626 -1.3927 0.226377 1.1785 0.512092 2.73806 2.84626 -0.737944 1.29128 -0.466695 -1.48077 0.237366 -2.28843 -1.24788 0.242003 0.242003 
-1.11847 -1.11847 0.65564 -0.30327 -0.814447 0.368613 0.754615 0.703227 0.670201 0.549329 0.639044 0.342297 -0.421635 -0.161411 0.375 0.663673 1.23723 0.534964 -1.01435 -1.0678 -0.300253 0.112739 -0.503627 -1.04673 -0.0406282 0.558293 0.816826 0.0265665 0.0585867 0.175411 -1.19471 -0.995366 -1.48159 -2.08388 -0.12714 1.72992 1.67499 1.1877 0.805356 0.925819 1.03478 -0.211529 -2.77411 -2.47685 0.151913 0.509894 0.767155 -0.125418 0.319915 1.13164 0.0659413 0.712539 -0.58832 -2.1628 -0.188086 1.03053 1.03053 
1.97926 1.97926 1.51754 -2.04585 -1.71222 -0.523013 -0.42068 0.0777314 -0.177576 -0.235152 0.140543 -0.167412 -0.114969 0.304576 -0.0207987 -0.16913 0.131677 -0.0934011 -0.135953 0.29463 0.0644561 -0.101689 0.140053 0.098124 -0.171913 -0.458089 -0.463853 -0.401696 -0.365555 -0.472064 -0.359456 -0.349185 -1.22601 -0.837462 1.58371 3.10226 2.91485 1.65213 -0.718155 -2.18295 -1.48734 -0.487089 -0.487696 -0.641912 -0.179943 0.848191 1.04264 -0.0775345 -0.790458 -0.148989 0.331874 -0.136787 0.0968221 0.182417 -0.117769 -0.00149726 -0.00149726 
2.10554 2.10554 1.17843 -2.31382 -2.95556 -2.42096 -1.17985 -0.700271 -0.250157 0.25692 0.314001 0.605155 0.0276056 -0.882658 -0.207338 0.452207 -0.0111568 0.315144 0.24204 -0.568574 0.192282 0.363361 -0.323445 -0.137943 0.276647 0.525286 0.333533 -0.395166 -0.5402 0.303225 0.173655 -0.423854 -0.39936 -0.6524 -1.15419 -1.7126 0.0251806 2.35733 0.613813 -0.81067 0.865984 0.919208 -0.396887 -0.134463 0.512011 0.843902 0.72714 -0.0215617 -0.562837 0.481981 0.184904 -1.46449 0.0142216 1.08833 0.89948 0.658177 0.658177 
-0.673004 -0.673004 -3.17595 -2.95213 -0.40655 1.33203 2.4342 1.03973 0.0564547 0.165185 -0.690618 -0.910915 0.0564563 0.618281 0.556128 0.393788 0.145711 -0.280756 0.189318 0.408952 -0.66158 -0.551638 0.294751 0.225509 -0.146498 -0.0580461 0.0914446 0.272962 0.581069 0.474012 0.725892 0.718564 -0.726123 -1.34923 -0.518156 0.0483506 1.07288 0.877518 -1.7141 -1.76291 0.652226 0.953042 0.83283 0.420638 -0.171434 0.403131 -0.649629 -1.33099 0.187764 1.01283 -0.00125353 -1.11607 -0.589401 1.06774 1.60655 0.597026 0.597026 
0.580083 0.580083 -2.84958 -3.23199 2.32521 1.66551 -1.79309 -1.08259 0.303002 -0.40622 -0.181737 0.706245 0.0461948 -0.0689283 0.250126 -0.726521 -0.773245 0.417506 0.353231 -0.136075 0.484546 0.638758 0.00709948 -0.298773 -0.0089877 -0.12355 -0.601415 -0.548235 -0.157851 0.198935 -0.136992 -0.690001 -0.312736 1.11438 1.02355 -0.450403 -0.978934 -1.07519 -0.153408 0.935833 1.35348 0.467276 0.314116 1.60534 0.601269 -0.867058 -1.07366 0.453636 0.424449 -0.281465 0.984075 -0.712476 -0.595043 2.01172 0.936115 -0.232802 -0.232802 
-0.16111 -0.16111 -1.59902 -0.800867 0.101036 -0.571862 0.362208 0.283949 0.0853245 0.633195 0.0996166 -0.501229 -0.108426 -0.213718 -0.123562 0.467527 0.223812 -0.0858623 0.0631913 -0.0782075 -0.15912 0.0133689 0.186888 0.323944 0.248492 0.0133228 0.0469457 0.220129 -0.502251 -0.290949 0.382713 0.0765725 0.980969 1.45673 0.251392 -1.85656 -3.63439 -1.54869 2.79374 2.98709 -0.335075 -1.6918 -0.299416 0.980053 0.865594 -0.633766 -1.24198 0.553839 1.09615 -0.0875922 -0.196401 0.40319 -0.924112 -0.580321 1.14249 0.521969 0.521969 
-0.620113 -0.620113 -1.52591 -0.319276 0.129378 -0.0310538 1.23686 1.11315 -0.201812 -1.17486 -0.805899 -0.103472 0.701287 0.820277 -0.476315 -0.476589 0.653071 0.327586 -0.161969 0.537294 0.452598 -0.30133 -0.462222 0.0877185 0.50135 -0.113557 -0.641289 -0.302519 0.132723 -0.014738 -0.265497 0.39416 1.13368 0.21023 -0.00127134 0.67236 -1.71527 -3.39753 0.219647 3.76314 1.4037 -1.71448 -0.0722206 0.668244 -0.055019 -0.214884 -0.411382 0.740023 -0.278152 -1.94357 0.421156 1.47655 -0.366061 0.476536 0.840975 -0.162671 -0.162671 
0.493042 0.493042 0.270245 -1.08691 0.621155 1.40127 -0.862966 -0.512585 0.1879 0.0376561 0.918976 1.01247 -0.746489 -1.56634 -0.469006 0.000888063 -0.258394 0.581918 0.922908 -0.358338 -0.67075 0.0548019 0.275498 -0.33345 -0.798424 -0.0388473 1.06294 0.380178 -0.691885 0.0105958 0.0150894 -0.212961 0.752004 1.05435 -0.951232 -2.74011 -1.68481 -0.488482 0.646756 2.08183 1.92368 1.08684 1.203 -0.702047 -2.61502 0.120889 0.974516 -0.625118 0.167937 0.670086 -1.61615 -1.12447 1.81079 0.610681 -0.598069 -0.0455358 -0.0455358 
-1.45271 -1.45271 -1.54234 1.21865 1.56885 0.387803 0.796172 0.0439651 -0.477883 0.331553 -0.266764 -0.435914 0.222223 0.606909 0.346081 0.113457 0.212406 -0.583961 -0.53448 0.425222 0.326538 -0.0961236 -0.433141 -0.636596 -0.285473 0.831191 1.11909 1.03791 0.777687 -0.57789 -0.547005 -0.551697 -1.72844 0.239041 2.97387 1.57995 -0.110162 -1.20947 -1.71207 -0.619837 -0.279351 -0.250776 0.932649 1.77101 0.184916 -1.1816 -0.152516 1.24558 0.729042 -0.471171 -1.74761 -0.792497 1.72268 1.0773 -0.960896 -0.865332 -0.865332 
-0.963561 -0.963561 0.596115 2.35863 0.795358 -0.606351 -1.26384 -0.874393 -0.181409 0.104841 0.491762 1.01199 0.620484 -0.33478 -0.269572 -0.381617 -0.745057 0.571389 0.680486 -0.715258 -1.06623 -0.297422 1.09369 0.948175 -0.450407 -0.816462 0.544698 1.2875 0.460871 -0.540785 -0.581306 -0.0434751 -0.48136 -0.0444968 0.119044 -1.56036 -0.837794 2.67824 1.38659 -1.11894 0.559664 -1.05482 -1.48189 1.50521 1.58223 -0.937872 -0.905978 1.86283 -0.621155 -1.39895 1.63023 0.823277 -0.461959 -0.193879 -0.485565 -0.516388 -0.516388 
0.149235 0.149235 0.459702 -0.796476 0.379831 2.7256 0.0800228 -2.03629 -0.85625 0.358552 0.303759 -0.234255 0.452812 0.835781 0.0549006 0.177739 0.0226039 -0.880336 -0.924929 -0.785114 0.382009 0.886912 -0.627442 0.174889 1.33779 -0.913361 -2.05644 0.00583715 1.54201 1.32843 -0.286556 -0.515952 0.61816 -1.51278 -1.95982 1.21747 0.816931 -0.506782 0.831515 0.740102 0.010446 -0.186165 -1.32321 -0.612632 1.33877 -0.682109 -2.10792 0.349128 0.0644841 1.36451 1.49651 -0.926934 0.431358 -0.800118 -0.848657 0.646743 0.646743 
-1.31221 -1.31221 -2.04665 0.292311 1.19577 -0.0974064 0.41394 0.807592 -0.1373 0.38566 0.64577 -0.828421 -0.726953 0.712771 0.752965 0.165275 0.179025 0.0720231 -0.282872 0.127767 0.427829 0.233947 0.0881942 -0.133872 -0.127058 0.425123 0.0482559 -0.792484 0.136046 1.3048 0.76475 -0.363053 -1.20998 -1.25595 1.21309 3.3708 1.09879 -2.60773 -1.14514 0.663082 -1.49536 0.150957 1.79252 -0.817925 -0.224052 0.762695 -0.594823 0.378115 1.09068 -0.81779 -1.15523 0.671503 0.830896 0.570635 -0.451901 -0.918614 -0.918614 
-0.606929 -0.606929 -0.0718676 0.461676 -0.130049 -0.326828 -0.751708 -0.0464475 1.09008 -0.444692 -0.759456 2.2272 1.28368 -1.40386 -0.57004 0.171055 -0.529973 -0.367518 0.447663 0.0918589 -0.587094 -0.1885 0.795009 0.515224 0.30562 0.637425 -0.182682 -1.53464 -0.80673 1.50014 0.180025 -1.7553 -0.923899 0.29682 0.551724 0.450199 0.278079 0.284781 0.355226 -0.937099 -1.5246 -0.341508 1.3837 1.81582 0.192978 1.09749 1.64751 -2.47809 -1.11404 0.182706 -1.97823 0.49003 -0.583387 -1.06452 1.78687 1.04802 1.04802 
1.13251 1.13251 0.472822 -1.09934 0.374229 0.991445 0.142205 -0.146067 -0.193868 -0.109428 -0.230422 -0.817689 -0.434521 0.460053 0.479624 0.505182 -0.176539 -1.63698 -1.19062 0.403273 0.724162 -0.227905 -0.885651 0.230527 1.01618 0.501893 -0.453796 -0.609626 0.0144042 -0.950201 -0.893432 -0.285352 -0.836842 0.8438 2.53572 1.15179 -0.461018 -0.686262 -0.268155 0.06984 -0.870434 -2.70832 -1.64642 1.92497 1.96674 0.335263 -0.525058 -0.395673 0.776804 -0.262716 -0.376318 -0.538094 -2.06609 0.187348 2.10886 0.750352 0.750352 
