27
2.27549 2.10302 1.98182 1.54254 0.756059 0.111065 -0.628797 -0.302255 0.216223 -0.129019 0.361809 0.226264 0.17972 0.11201 0.0518209 -0.0323677 -0.220848 -0.450245 -0.418389 -0.386643 -0.620665 -0.844339 -0.938998 -1.07142 -1.17246 -1.33661 -1.36478 
1.36912 1.48443 1.54318 1.57443 1.53277 1.56948 1.60771 0.781122 0.492162 0.157197 -0.52357 -0.648687 -0.645678 -0.661226 -0.727152 -0.684903 -0.837937 -0.899137 -0.804088 -0.766104 -0.743713 -0.724588 -0.767641 -0.743045 -0.761442 -0.655061 -0.517621 
-1.27114 -1.77401 -1.98973 -2.22368 -1.47472 -1.0017 -0.328599 -0.275907 -0.573034 -0.250888 0.313985 0.229447 0.582552 0.324185 0.504076 0.745047 0.327422 0.77749 0.829497 0.760905 1.26262 1.04737 0.815392 0.62969 0.806794 0.782697 0.424233 
1.404 1.38703 1.20829 1.37918 1.16795 1.16697 1.01659 1.35802 0.954514 -0.679989 -0.00300899 0.43016 0.796583 -0.656575 -0.585299 -0.795842 -0.739357 -0.623087 -1.04618 -1.36124 -0.464797 -0.404941 -0.644038 -0.904859 -0.688437 -1.32099 -1.35065 
-0.595177 -0.460582 0.227187 0.489836 1.53116 1.02437 1.53092 1.97986 1.08236 0.377892 0.284625 1.36672 1.01846 -0.663951 -0.0484378 -0.951364 -1.43344 -1.19111 -0.955166 -0.396612 -0.949461 0.729951 -0.231244 -1.24207 -0.776048 -1.13042 -0.618253 
-2.81215 -1.95827 -1.37812 -1.28707 -0.824674 0.0254831 0.790751 1.04943 0.767336 0.0952077 -0.990049 -0.522488 -0.0563249 0.300428 0.83488 0.419626 0.0666955 -0.143766 0.989127 1.22645 0.615729 0.641272 0.277737 -0.101363 0.256087 1.38318 0.33485 
0.255351 -0.953968 -0.866229 0.6246 0.473792 1.74943 1.31901 -0.959277 -0.296254 -2.48022 -2.30132 -0.19793 0.0860561 0.0343887 1.10526 -1.08464 -0.519795 -0.429784 0.925242 0.858775 0.708283 -0.205235 0.265916 0.906513 0.545903 0.418387 0.0177451 
-1.23881 -1.69383 -1.99817 -1.78902 -1.38077 -1.20719 -1.7258 -0.344298 0.456531 0.208205 0.659933 0.687029 0.326338 0.485772 0.518105 0.0565663 0.491781 0.61106 0.971881 0.909905 0.57254 0.700193 0.414452 1.02374 0.776168 0.799875 0.707821 
-0.638818 -0.902173 -1.28379 -0.193695 0.7536 1.0402 1.97957 0.356949 0.174452 -0.838464 0.107308 -0.576727 -0.46923 -1.79807 -1.32494 -1.30216 -0.066352 0.339475 1.57153 1.54056 1.19143 1.33353 -0.528659 -0.335037 -0.651695 -0.12779 0.648992 
0.0219854 0.877946 0.856736 1.06985 1.9574 1.10029 2.33034 0.336673 -2.00181 -1.06221 -0.0561434 -0.278635 -1.24299 -1.53135 -0.921229 0.216227 -0.00545803 0.319866 -0.724525 -0.673921 -0.155233 0.83934 -0.602213 -0.74903 -0.0998218 0.0505001 0.127422 
-1.09589 -1.05569 -1.77883 -2.03542 -1.04884 -1.25972 -1.75571 0.947693 -0.0832572 0.808282 1.17784 0.492923 -0.0206717 -0.198826 -0.160921 -0.138589 0.29167 0.794397 1.27992 0.403716 0.619193 0.512254 0.339215 0.0109026 0.227838 1.74206 0.984455 
2.8973 1.82833 -0.0851996 -1.1647 -1.1587 0.38939 0.086997 -0.45817 -0.711684 -0.349029 0.746162 0.786279 0.509008 -1.01391 -0.265589 0.612407 1.10951 -0.184954 -0.744812 -0.862424 -0.229002 -0.837548 -1.60264 -0.672064 -0.0303943 1.1059 0.299539 
-1.29288 -0.663022 -0.378544 0.619744 0.440655 0.53668 -0.401706 -0.301028 -1.31688 0.472483 1.8867 0.895892 1.4002 -1.79645 -0.518824 1.68136 0.704754 -1.32131 -0.170445 0.258551 1.41443 0.820587 -0.924404 -0.582706 -1.33401 0.0559897 -0.18582 
-0.0282938 -0.0282938 -0.58954 -1.98899 -2.42172 -2.32366 -0.279986 2.36699 0.95386 0.895697 1.33681 0.206418 0.349112 0.320409 0.285746 0.0158807 -0.289573 0.173914 0.723241 0.163955 -0.373334 -0.0801783 0.111777 0.098348 0.031621 0.184895 0.184895 
0.80906 0.80906 0.588011 0.324 0.338382 0.54843 -1.72146 -2.58174 -1.28911 -2.3193 -1.76754 0.0303294 0.318421 0.137168 0.289134 0.060101 -0.211901 0.440388 0.701177 0.510134 0.46055 0.288475 0.302859 0.367691 0.58273 0.992473 0.992473 
-1.60371 -1.60371 -1.08741 0.764723 2.12209 1.97644 1.16943 -0.693364 -0.176025 1.47897 0.69816 0.291576 -0.0421677 -0.374732 0.583975 -0.563227 -0.161773 0.739899 -0.255902 0.607523 0.325939 -1.08273 -1.02599 -0.240569 0.0697049 -0.95856 -0.95856 
0.0563993 0.0563993 0.332497 0.284752 0.0321567 0.12159 0.624805 0.252804 -2.65105 -1.06316 1.97552 1.51912 -1.25305 -1.6868 0.139363 0.117626 0.597913 -0.106876 -0.740771 1.19843 1.74942 0.0806157 -0.390654 0.278782 -0.267517 -0.629162 -0.629162 
0.839896 0.839896 0.972394 1.33822 0.542076 -0.0112624 0.977639 -0.475139 -1.66857 -0.836424 1.01213 0.748299 -2.11215 -1.11494 -0.308395 -1.44407 -0.259076 0.483859 0.811064 -0.00510444 1.15465 0.732134 -2.05147 -0.574719 0.104522 0.152264 0.152264 
1.24768 1.24768 0.411096 0.281954 1.11445 1.4466 0.797939 -0.350669 -1.37146 -2.25227 -1.0024 0.698999 0.577479 0.652369 -0.194269 -1.16744 -0.942847 0.686614 1.17768 -0.734486 -0.966734 -0.695658 -1.13942 -0.348733 1.30307 -0.238614 -0.238614 
-0.806316 -0.806316 1.16843 0.993971 0.836594 0.632101 -1.96706 -1.16737 -1.09839 -1.45245 1.6831 1.75995 0.183856 0.759339 -0.804451 -1.17453 0.492879 1.07077 0.956334 -0.144723 -0.764212 -0.309575 0.827024 0.218717 -0.343041 -0.372317 -0.372317 
-1.50765 -1.50765 -0.386538 0.816315 0.756265 -0.808267 1.23071 3.45792 0.706769 0.117488 0.582398 -0.788964 -0.565578 0.0978454 -0.950354 -0.27029 0.710129 0.584552 0.278594 -0.899943 -0.57985 -0.492707 0.320288 0.38472 -0.603735 -0.341226 -0.341226 
-0.651633 -0.651633 0.531187 1.69256 0.990367 0.983437 -0.685088 -1.66552 -1.13268 -0.146651 0.140768 -0.591827 -1.15534 -0.835801 0.345425 1.01194 1.3467 1.34342 0.961687 -0.420154 -0.268896 -1.59121 -1.54618 -0.195497 0.093146 1.04874 1.04874 
0.637043 0.637043 0.138939 0.843083 0.0138265 0.279211 -0.601437 -3.36649 -1.09367 1.49783 0.597389 -0.929376 -0.980414 0.239558 1.34434 0.699821 0.0705464 -0.56692 -0.779784 0.431355 1.16278 -0.356096 -1.24049 0.379517 0.609753 0.166321 0.166321 
-0.962301 -0.962301 -1.29197 0.607134 0.657914 -0.988886 2.24821 1.65399 -0.358567 1.19707 -0.554005 -1.53498 -0.972086 -0.359498 -0.136805 0.29901 0.832617 0.894006 -0.63767 -0.937633 -0.0831533 -0.514705 -0.7606 -0.327428 1.7192 0.636712 0.636712 
-1.87603 -1.87603 -1.88318 -0.579048 1.20615 0.996625 -0.425543 -0.392335 0.224444 1.14076 0.921627 -0.0108305 -1.07276 -0.375972 1.25522 1.08454 -0.391437 -1.10954 -0.309983 0.500737 0.167194 -0.782962 0.262724 1.21848 1.35825 0.374451 0.374451 
0.478997 0.478997 0.708094 0.419839 -0.141207 -0.613352 -0.61046 -0.658627 0.391429 1.90249 0.173729 -0.392072 -1.76371 -1.28284 2.07301 0.671289 -1.95668 -0.633772 0.892835 0.895951 0.259929 -1.54389 -0.962151 -0.344256 0.307598 0.62441 0.62441 
-0.437468 -0.437468 -1.52696 -1.42691 -0.261072 1.66684 3.65119 0.960034 -1.14595 0.297596 -0.537142 -0.769462 0.0882127 -0.0498618 -0.23761 -0.448423 0.1225 0.787958 -0.00828346 -0.854228 -0.190592 0.377134 0.138454 -0.0629331 0.0668473 0.118795 0.118795 
-0.236989 -0.236989 -0.495936 -0.265021 0.199944 -2.04051 -3.09031 0.403873 0.237224 -0.489431 2.28438 2.02577 0.0846087 -0.0489056 -0.0957684 -0.511604 0.352813 0.875384 0.0482281 -0.256192 -0.237587 -0.174846 0.0575162 0.254323 0.592617 0.381703 0.381703 
0.359175 0.359175 1.72385 2.34356 0.871569 -0.723176 -1.98839 -1.01259 1.57936 0.62287 -0.896129 -0.566723 -0.512184 0.440109 -0.160126 -0.570716 0.938919 -0.0905962 -0.118777 0.407467 -1.26664 -1.01736 0.599271 0.786079 -0.550266 -0.778879 -0.778879 
0.183654 0.183654 0.157086 -0.137102 -0.0607699 0.359796 0.103034 -1.79281 -0.702237 2.60444 1.46691 -1.76649 -1.75389 0.804818 1.03408 0.285178 -0.0949025 -0.714882 0.756352 1.41567 -0.591982 -1.16081 0.140289 0.0985395 -0.475199 -0.171215 -0.171215 
0.117338 0.117338 0.360187 -0.256278 -0.866452 0.318523 -0.278555 -1.72726 -0.210452 1.80892 1.08137 -2.04462 -1.2075 1.22677 -0.189109 0.0621214 1.30921 0.739776 -0.295209 0.257466 0.518785 -2.09895 -0.838151 1.4606 0.511977 0.0610742 0.0610742 
-0.434907 -0.434907 -0.522885 0.614162 0.928419 -0.0806098 -1.08937 -1.34288 -1.16044 0.386426 2.14554 1.21129 0.103242 -0.390741 -1.10472 -0.374956 1.39807 1.57961 -0.833109 -1.32586 0.16146 0.0173686 0.371349 1.79894 0.210027 -0.915255 -0.915255 
1.18413 1.18413 1.07369 -0.276031 -0.295043 -1.84079 -1.20511 0.483938 -0.24643 1.69484 1.96762 -1.01505 -0.699393 -0.691604 -1.29018 0.755299 1.3554 0.227422 -0.835424 -1.15514 -0.170323 0.941354 0.268466 -0.806664 -0.440114 -0.084498 -0.084498 
0.68046 0.68046 1.51271 0.695465 -1.21928 0.233028 2.85653 -0.45775 -2.40648 -0.18129 -0.72241 -0.88952 0.518343 -0.361464 -0.349951 1.05365 0.496226 -0.393816 -1.12236 -0.689194 0.186528 0.527565 0.511852 -0.734567 -0.597519 0.0863914 0.0863914 
0.732431 0.732431 1.60249 0.190307 -0.684943 -1.40888 -2.13819 -0.489012 0.984183 0.800325 -0.487202 -1.12469 -0.336469 0.970625 1.23057 0.596422 0.0946381 -0.442128 -1.4749 -1.0756 -1.031 -1.11059 0.891921 1.07443 0.778439 0.562199 0.562199 
-0.250455 -0.250455 0.161243 -0.0323749 -0.288909 -0.318956 -2.09078 -0.247022 2.88483 1.0295 -1.37836 -0.881731 0.724226 1.40001 0.309882 -0.703984 -0.699861 -0.456394 0.624445 1.17655 -0.41963 -1.36437 0.470872 1.12257 -0.0838757 -0.218489 -0.218489 
-0.277663 -0.277663 1.05457 1.32146 -1.16602 1.06921 1.8076 -1.87508 -0.366934 -0.183502 -1.96296 -0.339688 0.778214 0.539557 0.415549 0.633658 0.370995 -1.07782 -1.33131 0.342598 0.250288 -0.521635 0.0849762 1.6932 0.629953 -0.805778 -0.805778 
-0.0952062 -0.0952062 0.81008 2.05427 1.00354 -1.22291 -1.05441 0.360957 0.973982 0.39372 -0.889639 -1.47468 -0.343711 1.52576 0.923596 -1.2333 -1.6133 -0.0336992 1.02756 0.240999 -0.981344 -0.0239281 1.2991 0.670236 -0.676141 -0.773163 -0.773163 
0.114017 0.114017 -0.0518831 -0.506635 -0.612469 -0.287906 -0.0438926 0.558782 1.45617 -0.143129 -1.33843 -1.13289 -0.530501 2.19031 1.10683 -2.33705 -0.768939 1.62215 0.862567 -0.382093 -1.42204 -0.721181 0.67259 0.712944 0.539661 0.164499 0.164499 
