38
1.8247 1.78712 1.65492 1.63403 1.58256 1.60979 1.59177 1.18594 1.03576 0.911151 0.465257 -0.0178915 -0.793073 -1.4246 -1.50979 -1.2264 -0.648143 -0.17307 0.0603296 0.0802577 0.060688 -0.0645447 -0.288961 -0.285389 -0.394221 -0.203649 -0.313303 -0.449802 -0.46574 -0.455753 -0.576344 -0.625841 -0.789437 -0.922969 -0.955846 -0.974108 -0.959313 -0.966092 
1.52517 1.60547 1.58736 1.4946 1.38274 1.16497 1.00509 1.08101 1.05834 0.915898 1.00396 0.919335 0.864318 0.797212 0.805288 0.660947 0.0870659 -0.625572 -0.769435 -0.853684 -0.888457 -0.936997 -1.05438 -0.975862 -0.978952 -0.950627 -0.932186 -0.905772 -0.940369 -0.689918 -0.854141 -0.848073 -0.930323 -0.7904 -0.810593 -0.780668 -0.777244 -0.665136 
-1.26256 -1.23532 -1.62089 -1.51543 -1.52414 -1.56416 -1.3999 -1.4144 -1.39999 -1.5173 -1.09613 -0.312494 0.13398 0.334734 -0.525954 -0.566613 0.178153 0.725982 0.404426 0.429588 0.401773 0.483855 0.835266 0.746869 0.874112 0.58332 0.837281 0.737796 1.23873 1.11111 0.584274 0.767347 0.67675 1.15486 1.14851 0.92325 0.729403 0.913907 
-0.155945 -0.111246 0.336573 0.569334 0.710935 1.40967 1.66901 1.30205 1.52266 1.7396 1.88711 1.66939 1.48716 1.44018 0.558341 0.227615 -0.673198 -0.129945 -0.283557 -0.777521 -0.846537 -0.580665 -0.500171 -0.745078 -0.786204 -0.744082 -0.943863 -1.12479 -0.73721 -0.822131 -0.904946 -0.56992 -0.971309 -0.801342 -0.56335 -0.927361 -1.10065 -0.728606 
-2.26882 -2.06519 -0.814539 0.522607 0.943919 -0.942869 -0.806231 0.274974 -0.636371 -0.689659 0.582618 0.646175 1.25724 2.00772 -0.00569298 -0.123223 0.753258 1.4234 1.2056 0.459983 0.693765 1.14563 -0.0728458 -0.493734 -0.0284829 1.08438 -0.131615 -0.98365 0.66007 -0.778091 0.290089 0.500354 -0.0720659 0.117776 0.239206 -1.13534 -2.34641 -0.41391 
-0.9571 -0.930017 -1.71239 -2.33973 -1.62053 -1.15856 -1.37969 -1.10038 -0.929371 0.0791707 -0.395638 -0.818782 0.0449988 -0.241161 -0.416825 -0.320758 -0.145223 -1.03751 0.00315118 -0.242725 0.376414 1.0103 0.440928 0.927355 0.652896 0.571268 0.580514 0.366145 0.774162 0.509813 0.738584 0.948789 1.09069 1.77863 1.83561 0.848776 1.0681 1.10009 
-1.1089 -1.95118 -1.91674 -1.6976 -0.526802 -0.99204 -1.55085 -1.17892 -0.593411 -0.442713 1.4626 0.619 1.55111 1.37377 1.60252 0.806733 -0.563145 -0.851737 0.422413 -1.00263 -0.298987 -0.272685 -0.0282998 0.232997 0.0208051 0.562035 0.693165 -0.00477201 1.78178 0.835006 0.902927 0.376803 0.510817 0.491955 0.407009 -0.505507 0.878036 -0.0445598 
-1.62556 -1.08769 -1.01457 -1.22982 -1.9818 -1.80675 -1.1314 -1.13518 -0.506299 -0.637129 -0.626719 -1.01327 -1.01546 -1.36813 -0.281105 0.169516 0.902985 1.07503 1.00846 0.775854 0.781201 0.603923 0.118456 1.4203 0.843783 1.01559 1.19124 0.788469 1.57475 0.528044 0.273146 -0.131019 0.547702 0.535638 0.478898 0.143527 0.728647 1.08674 
-0.242976 1.2095 0.623632 0.408386 0.0215087 -0.295193 -0.305525 -0.824519 0.383405 0.0634579 1.25355 1.68777 1.08614 0.433353 0.522156 -1.22394 -1.81553 -1.39952 0.968586 1.05898 0.117194 -0.758739 -0.798422 1.67113 0.931506 1.0383 -0.281926 -1.72901 -0.0444538 -0.698682 -0.909387 -1.58324 -0.348202 1.54686 0.0261182 -1.86878 -0.253366 0.329892 
-0.471156 -0.607493 -0.703012 -1.05265 -0.295551 0.598599 -0.551468 0.0390032 1.40063 3.32685 1.00303 0.275954 -0.00219249 2.00663 1.41331 -0.726185 -0.540919 -0.279162 -0.00032615 -0.693881 0.467998 -0.3558 -0.20032 0.686372 0.390652 0.756669 -0.553357 -0.0645094 -0.321872 -0.450017 -2.23283 -0.497417 0.039351 0.923241 -0.0678154 -1.64077 -1.23029 0.210713 
0.678434 0.267166 0.234022 0.40851 0.0499945 -1.01281 -1.56273 -1.71264 -1.96319 -1.71578 -2.49594 -1.75343 -1.7289 -1.20599 -0.0268363 0.857526 0.582513 0.702773 0.534351 0.466765 1.02413 0.10992 0.597149 0.0187793 0.719893 0.474849 0.476668 0.570089 0.76927 0.590442 0.490651 0.917871 0.340017 0.759726 0.660191 0.797448 0.804653 0.274435 
1.86563 0.606726 0.58037 -0.532989 -0.907946 -0.0802819 0.310772 0.201486 1.46836 1.66439 2.07914 1.31464 1.62413 1.45333 1.39756 0.264732 -0.71006 -1.22491 -1.1458 -0.430694 -0.540428 -1.15855 -0.228167 -1.55134 -0.575148 -1.15081 -1.16345 -1.00667 -0.0770163 -0.152379 0.408841 -0.317477 0.320113 -1.02961 -0.666296 -0.26418 -0.246762 -0.399253 
-2.33644 0.00910955 0.111888 1.02552 1.18802 1.57436 1.74739 2.23486 1.43902 1.71208 0.346668 0.308089 0.761532 -0.476685 -0.457306 -0.65425 0.307412 -0.106377 -0.155733 0.64066 0.263414 -0.687212 -0.622817 -1.07505 -0.131126 -0.718626 0.79518 -0.2578 -0.451615 -1.5451 -0.808925 -0.251483 -0.00101601 -0.458632 -0.598158 -1.77851 -0.985122 0.0927943 
-0.0425337 -0.0425337 -0.00670335 0.166655 0.269998 0.341833 -0.588104 -0.871916 -0.268035 -0.903031 -1.67295 -2.38006 -2.69868 -1.21701 0.747663 2.17233 2.58394 1.84341 0.86604 0.322819 0.0111044 -0.428779 -0.152186 0.0960173 0.497577 0.495812 -0.206533 -0.0052898 0.30927 0.0845407 -0.0431927 -0.135541 -0.315996 -0.0352936 0.212235 0.314605 0.339262 0.339262 
0.619552 0.619552 0.016712 -0.309855 -0.745355 -0.912625 0.110454 0.58842 -0.172251 0.213489 0.414893 -0.0835317 -0.0224942 0.19729 -0.071759 -2.09899 -4.07864 -2.58068 -0.391703 -0.011691 0.1127 -0.175083 0.267533 0.665682 0.490826 0.565828 0.55917 0.374415 1.15485 0.703295 -0.148013 0.137539 0.603825 0.819997 0.436821 0.519092 0.805373 0.805373 
-0.937221 -0.937221 -0.777031 -0.00524311 -0.303174 0.051083 0.103323 -0.203571 -0.414094 0.418946 2.26406 2.31588 1.12215 -1.55492 -2.04933 1.23864 2.44386 0.260034 -0.810388 -0.208807 -0.0922353 0.684419 0.33528 -0.123817 -0.538322 -0.278801 0.112993 0.618799 0.561174 -1.5437 -0.907398 -0.0139822 0.59025 0.762797 -0.677707 -1.06171 -0.222507 -0.222507 
1.02237 1.02237 1.39539 0.788006 1.71227 1.94582 -0.168007 -0.244844 0.913336 0.768347 -0.0938008 -0.747845 -0.409184 -1.79688 -2.3597 -2.39733 -0.663774 0.818312 -1.23902 -1.07123 0.435921 0.732475 -0.280663 -0.521897 0.0474304 -0.267267 -0.709689 0.455354 0.645784 -0.287254 0.545719 -0.0861791 -0.413577 0.854647 -0.204508 -1.02029 0.439687 0.439687 
1.06439 1.06439 1.9544 1.30322 -1.22813 -1.45164 0.878746 0.0558977 -0.834876 0.879645 0.971389 0.452222 0.991577 -1.06909 -1.75063 0.518436 1.13689 0.277696 -0.833918 -0.479353 0.460879 -0.679395 -1.36466 -0.0426395 1.16162 -0.158449 -1.70123 0.544138 0.0839278 -0.367971 0.926329 -0.361827 -0.377862 0.16693 -1.06139 -2.10763 0.488979 0.488979 
-1.37614 -1.37614 -2.43722 -0.00259832 1.76361 0.238966 -0.0571933 0.578614 1.76097 0.713859 -1.60746 0.562914 0.785017 -0.900323 -0.280585 0.288842 -1.31367 0.089043 1.13713 0.453675 1.88012 -0.0469282 -0.286023 0.192155 -0.728883 -0.268889 -0.484112 0.162449 0.0814128 -0.209214 0.56022 0.419375 1.19396 1.05626 -1.65918 -1.39595 0.255951 0.255951 
-1.04228 -1.04228 0.185335 1.49963 0.708091 -1.29235 -0.324093 0.999413 0.743539 2.27 1.12001 -0.00557857 0.765005 -0.0484859 -0.763772 -2.61272 -2.0261 1.03193 -0.282464 -0.942305 0.736289 0.205124 0.476915 -0.0511537 0.272612 0.669692 -0.763506 1.15113 0.863325 -1.12442 -0.637897 -0.561455 0.0252351 -0.22801 -1.26159 0.436833 0.425176 0.425176 
0.697875 0.697875 -0.467717 -1.74473 -1.14066 1.06842 0.791635 0.719729 0.52309 -0.434122 -0.829903 -0.849402 -0.796973 0.888813 2.13208 1.58487 1.15372 -0.0845098 -0.710783 -0.599473 -0.513848 -1.27348 1.01576 0.874845 -0.874121 0.290018 -0.599263 0.34581 -0.65081 -2.26225 -1.26779 0.177182 0.784041 -0.354237 -0.854622 0.13879 1.21207 1.21207 
0.520427 0.520427 -0.551928 -0.423978 -0.489214 -0.247094 -0.377169 0.406179 0.534167 0.522698 1.00763 -0.144452 -0.843407 -0.399453 -1.10246 -1.53996 -0.149706 1.7534 1.54402 -0.58426 -1.20561 -0.625556 1.52561 1.07555 -0.44372 -0.817054 -1.8162 0.115888 0.625697 -0.592967 -0.605583 0.324037 1.97586 0.203882 -2.23309 -0.216519 1.37695 1.37695 
-0.193664 -0.193664 -0.343314 0.25488 1.12752 -0.210545 -0.423606 1.33859 2.27575 -0.309949 -2.1715 -0.736255 1.18325 0.962118 -1.94833 -1.40208 0.282636 0.348285 -0.32196 0.297582 0.206203 -0.499885 0.700192 0.383631 0.0183264 -0.69331 -0.607132 0.131416 -0.301466 -1.37172 -0.0642496 1.56317 0.965738 -0.106182 -1.8299 -0.846583 1.268 1.268 
-0.636052 -0.636052 0.245844 -0.244026 -2.10686 -2.39503 -1.0206 -0.569884 0.0283142 -0.769049 -0.0236453 1.18787 0.857248 2.59562 3.13981 0.95046 -0.199951 -0.0394699 -0.322286 0.770433 -0.504215 -0.609804 -0.104178 0.21784 0.719687 -0.333151 0.176431 0.473574 0.0636845 -0.38644 0.526008 -0.193749 -0.205057 0.515085 0.089833 0.25054 -0.754392 -0.754392 
-1.35355 -1.35355 -1.18456 -1.5893 0.664276 1.55363 0.465812 1.48266 1.83714 0.847811 -0.267397 -0.389611 0.299702 -0.124381 -1.24132 -2.30832 -1.59083 -0.367233 1.06077 0.841525 -0.706384 0.501215 -0.317373 -0.264181 0.603706 -0.544366 0.306015 1.40005 1.13053 0.702764 -0.0530105 0.0356573 -0.688129 -1.00657 1.02735 0.625761 -0.0181507 -0.0181507 
2.17856 2.17856 0.820409 0.877053 0.376935 0.386924 0.482837 -0.436126 -0.639484 -1.17971 -1.4753 0.249856 -0.887982 -1.29969 -0.312054 0.581687 0.376013 -0.582922 0.564917 0.253918 -1.4031 -0.984212 -0.511496 0.322725 0.194429 0.734951 0.29345 -1.3262 -1.36462 -0.482539 1.08334 0.622653 -0.340114 -0.710016 -1.39552 -0.510666 1.63126 1.63126 
0.0128261 0.0128261 0.170031 0.231254 0.13919 -0.797813 -1.12032 0.27058 -0.0478817 -1.29368 -1.35907 -0.94982 1.03501 3.10556 3.05387 1.64551 -0.317943 -1.5775 -1.39857 -0.794941 -0.701233 -0.167741 0.456232 0.569555 0.342878 -0.658169 -0.474077 0.448077 0.0617948 -0.339287 -0.219241 -0.26705 0.0712407 0.459347 0.297631 0.0955255 0.00269426 0.00269426 
-0.503753 -0.503753 -0.775988 -0.636489 -0.503695 0.712218 1.25011 -0.236879 -0.313762 0.488252 -0.248813 -0.365827 0.232893 -0.0422769 -1.91545 -3.34146 -0.40276 3.07233 2.14038 0.419276 -0.137416 0.127865 0.699677 0.184936 -0.0844495 0.0557649 -0.160776 0.495363 0.272955 -1.08731 -0.472838 0.625545 0.567708 -0.140428 -0.252052 0.306027 0.237444 0.237444 
0.0580715 0.0580715 0.523606 0.247272 -0.00457834 0.206641 -0.192159 -0.350655 0.336943 1.57688 1.10566 -0.727341 -2.37338 -1.95156 1.64649 2.67169 -0.628837 -2.00148 -0.321354 0.394629 0.500231 0.219319 -0.526074 -0.565502 -0.132039 0.354313 0.50287 0.231784 -1.34295 -0.924381 0.884159 0.864812 0.429992 -0.803373 -1.13908 0.236018 0.467644 0.467644 
0.279168 0.279168 -0.197867 0.23507 0.895531 -1.49054 -1.73431 0.835473 0.781948 -0.80479 -1.20459 -0.261496 -0.837697 -1.5457 -0.48538 1.31816 2.51172 -0.465592 -1.49782 1.30168 1.4028 -0.576594 -0.998965 0.243882 0.186185 -0.60843 0.553738 1.05077 -0.597033 -0.0923879 0.144123 -0.767216 0.725113 0.150402 -1.48635 0.492143 1.13284 1.13284 
0.487278 0.487278 0.104309 -1.90785 -1.65634 1.20294 0.850461 -1.04396 0.44831 1.02615 -0.287526 -0.0242773 -0.930861 -1.64889 0.897503 1.66205 -0.177734 -1.19522 -0.481384 0.725342 -0.153799 -1.10978 0.338337 1.4496 -0.10426 -1.71984 0.377053 1.01373 -0.572578 0.45928 -0.0325369 -0.803168 0.274821 -0.438144 -1.37386 0.875648 1.49096 1.49096 
-0.751203 -0.751203 0.821999 2.64893 0.0905406 -1.24212 0.15392 1.10931 0.0218394 -2.24216 -0.16309 1.48041 -1.01107 -0.754122 0.70286 -0.733109 -0.194659 1.5181 0.170064 0.414549 -0.389032 -1.46527 0.0889373 -0.351719 -0.36347 0.0926123 0.213169 0.299877 -0.305714 0.243842 0.340628 0.343955 0.345991 -1.90919 -1.65012 1.17196 1.00187 1.00187 
0.748602 0.748602 1.62834 0.276796 -1.94196 -0.764021 1.4609 0.641515 0.777364 0.17888 -1.5963 -0.310745 -0.101837 -1.09642 -1.78952 -0.918073 2.36647 1.09401 -1.39459 0.608797 0.694929 -0.246731 -0.244659 -0.20987 0.40939 -0.766654 0.249139 1.01582 -1.59628 -1.07798 0.303708 0.370759 0.150079 -0.934471 0.371904 1.05594 -0.0809197 -0.0809197 
-0.797405 -0.797405 -1.65295 -0.467352 1.86819 1.27806 -0.25011 -0.196419 -0.789539 -0.922956 -0.294725 0.00555806 1.14803 1.94585 0.44983 -0.671965 -1.13493 -1.26565 -0.361509 0.115435 -0.468064 1.00828 1.42279 -1.28265 -0.408315 0.16764 0.0208745 -0.0510378 -1.7638 -0.429853 1.61782 1.35814 -0.372534 -1.11434 0.313805 1.3681 0.702555 0.702555 
-0.657143 -0.657143 -0.58281 0.00227746 0.0686049 0.0309364 0.345363 0.495286 0.0335356 0.240905 -0.421738 -1.10952 -0.1823 -0.184654 -0.696735 0.519348 1.87913 0.949818 -1.39222 -1.63156 -0.0581475 1.55255 0.954103 -1.17824 -1.13367 -0.831504 0.507838 1.38447 -0.445967 -0.74947 0.498579 1.46554 -0.103961 -2.47935 -0.278389 2.0631 0.891573 0.891573 
-0.153811 -0.153811 0.176812 0.741834 -0.328341 -0.92841 0.785114 1.42084 -0.982253 -2.52911 -0.306719 1.78308 0.867596 -1.80193 -1.37779 1.16196 0.89633 -0.405261 -0.099123 0.220818 -0.511861 0.20193 0.417223 -0.447968 -0.666327 -0.416791 0.384729 0.0978435 -0.901887 0.0600111 1.55102 0.498178 -0.993753 -1.61626 -0.48032 1.64112 1.09764 1.09764 
0.734635 0.734635 0.330898 -1.93123 -1.76499 0.903068 1.51203 0.872284 -0.156344 -0.0350218 1.62064 0.733808 1.16802 1.88902 -1.34809 -2.74473 -0.808069 -0.0930237 0.6753 -0.142139 -1.12975 0.3375 0.689922 0.686807 -0.446309 -0.439934 0.672681 -0.0851202 -0.700996 0.388835 0.166612 -0.59472 0.592002 0.250841 -0.210229 -0.687984 -0.820434 -0.820434 
0.0857001 0.0857001 -0.226229 1.38036 2.37772 -0.197492 -0.0992388 1.01234 -0.53381 -1.6665 -0.998215 0.392527 0.159877 -1.2322 -1.7277 -0.313903 1.45146 1.99906 0.887053 -1.40648 -0.306812 0.255274 -0.634425 0.665339 -0.260474 -0.273965 1.45403 0.590915 -0.581936 -0.956687 -0.558674 -0.534021 -0.847781 1.27759 1.2135 -0.850305 -0.540798 -0.540798 
-1.00285 -1.00285 -0.96077 -0.323365 -0.358024 0.0847477 -0.605338 -0.827658 -0.546308 -0.614822 1.06805 0.442375 -1.14502 0.433913 1.40368 0.517218 -0.859072 0.146406 0.627736 -1.4559 -0.913688 0.66842 0.976955 0.530484 0.312304 0.0796356 -1.52508 -1.22565 0.632805 1.82459 0.827084 -1.05136 -0.983917 -0.777945 0.154166 2.25457 1.59724 1.59724 
