28
0.824169 0.974731 0.951473 0.927387 0.869653 0.868522 0.940355 0.952914 0.897593 0.882613 0.727802 0.700696 0.519291 0.373881 0.294387 0.134616 0.0491475 -0.0263929 -0.225188 -0.301464 -0.584981 -1.16926 -1.49804 -1.57126 -1.70311 -1.65628 -1.59007 -1.56317 
0.466243 0.355216 0.476157 0.626693 0.711461 0.695943 0.678418 0.852777 1.00923 0.854465 0.854416 0.746857 0.679542 0.572916 0.539493 0.463276 0.319856 0.298002 0.109435 -0.0707093 -0.204675 -0.531935 -1.15106 -1.51797 -1.85292 -1.96107 -1.95931 -2.06074 
0.995302 0.74113 0.502896 0.314929 0.330832 0.245668 -0.276895 -0.668758 -1.23182 -1.45855 -1.49327 -1.38126 -0.885573 -0.78466 -0.687705 -0.60632 -0.682691 -0.814079 -0.402054 -0.528459 -0.23156 0.445051 0.954689 1.26193 1.59258 1.55383 1.6745 1.52032 
-0.374336 -0.760645 -1.14413 -1.15409 -1.27038 -1.17711 -1.09494 -1.2104 -0.971609 -0.521965 -0.842487 -0.88213 -0.319368 0.0524873 0.775086 1.136 1.3842 1.65074 1.97171 1.57444 1.17745 0.452859 0.192733 0.11524 0.29819 -0.0812394 0.57371 0.45 
-2.4125 -1.8927 -1.26238 -1.38856 -1.2705 -0.932662 -0.866805 -0.42087 -0.347041 -0.193758 0.23573 0.187361 -0.105557 -0.203428 0.222707 -0.0425063 0.39476 0.666616 0.788356 0.625345 0.73509 1.00257 0.997565 1.29848 0.834669 0.967358 1.20245 1.18022 
-1.49966 -2.03858 -1.77577 -0.964876 -0.859821 -1.41342 -0.87584 -0.618029 -0.498377 -0.180236 0.04447 0.252072 -0.0018762 0.313603 -0.243884 -0.196376 0.334791 0.184061 0.0938271 0.606938 0.965411 1.2442 1.01279 1.49279 0.596836 1.15928 1.52872 1.33697 
0.975061 1.37987 1.64253 1.461 1.42588 1.69686 1.48832 0.983021 0.434403 0.305545 -0.0542187 -0.301118 -0.547549 -0.802182 -1.06504 -1.0469 -0.894831 -0.888406 -1.15681 -1.03097 -1.1114 -0.72258 -0.937317 -0.652814 -0.592165 -0.416886 0.221936 0.206769 
0.891532 1.2216 1.01399 0.957122 0.908031 1.37783 1.68062 1.62706 1.57915 0.634271 -0.171991 0.253125 -0.626921 -0.974696 -0.970428 -0.825541 -1.31177 -1.19252 -0.854691 -0.373238 -0.406309 -1.00854 -1.18504 -0.439757 -0.730496 -1.13012 -0.0511103 0.108849 
-0.862828 -1.35369 -2.05176 -1.87687 -1.70981 -1.35486 -0.873771 -0.919142 -0.369135 -0.17446 -0.00972979 0.525746 0.853723 0.401889 1.02744 0.839534 0.0812315 0.663672 1.10587 1.35527 1.35491 0.494506 0.815797 0.545589 0.287989 0.205 0.331456 0.666438 
0.316212 0.425908 0.850933 0.492898 0.431465 0.244202 0.35429 0.697417 0.1386 0.0974904 0.772877 1.61353 1.95425 1.13956 1.00862 0.904847 -0.135839 -1.98196 -1.36125 -0.980932 -0.894031 -1.03155 -0.605482 -0.316747 -0.477804 -0.488119 -1.33032 -1.83905 
0.27599 -1.14667 -1.3014 -0.101644 0.419965 0.00625378 0.342543 1.7542 1.41577 0.225811 -1.39333 -1.39093 -1.1761 1.01513 1.4037 1.05158 0.458599 -0.129034 -1.20106 0.147989 -0.879063 -2.09415 -0.524397 0.362158 1.11831 0.510298 0.384097 0.445384 
-0.428143 -0.222491 0.334684 -0.19369 -0.451032 -0.486416 0.175505 0.819959 1.4056 1.38452 1.7296 1.41606 1.41835 1.67819 0.889652 0.121126 -0.0111289 -0.345193 -0.471535 -0.586032 -0.541119 -0.850423 -1.66541 -0.467918 -0.421235 -1.60894 -1.47308 -1.14946 
0.874521 1.16753 1.11714 0.730029 0.0942218 -0.370662 -1.5169 -1.52639 -1.26898 -2.13037 -1.42257 -0.665569 -0.568233 0.0467814 0.379715 0.839999 0.492283 0.551913 0.556182 0.43594 1.24316 1.63935 0.47563 0.370105 0.872375 -0.724025 -1.13168 -0.561504 
1.15452 1.15452 0.474001 0.339663 0.429106 0.933965 0.98731 0.491853 0.384545 -0.00311926 -0.0503697 -0.15399 -0.614964 -0.217867 -0.273825 -0.297107 0.0311001 -0.410477 -0.413343 -0.743466 -2.72293 -2.89928 -0.907914 -0.1406 0.327206 1.09894 1.02126 1.02126 
0.590038 0.590038 1.41964 1.30491 0.778232 0.45379 1.05602 1.60785 0.563948 0.067552 0.217289 0.00394308 0.00690202 0.114396 0.210843 -0.138035 0.0343922 -0.108801 -0.610856 -0.437676 -0.904283 -2.44308 -2.56884 -1.66751 -0.846784 0.221165 0.242458 0.242458 
-0.963535 -0.963535 -0.842191 -0.376403 -0.187983 -1.1749 -1.73703 -1.81125 -1.5086 -0.540236 0.0806361 1.05277 1.03242 0.30162 0.265828 -0.0518481 -0.441825 0.453322 0.462456 0.251449 1.72324 2.11316 1.43616 1.10811 0.473969 0.089112 -0.122457 -0.122457 
-1.37342 -1.37342 -0.756891 -0.319177 -0.150046 0.175064 -0.166883 0.0897059 1.01546 0.0991874 -0.702366 0.744634 1.41875 1.6806 1.66267 0.885504 0.730905 0.85013 -0.237337 -1.4135 -1.94972 -1.72552 -0.665432 0.0604186 -0.434216 0.339016 0.757938 0.757938 
2.30542 2.30542 0.578933 -0.790164 0.449992 0.310462 0.599377 0.620683 -0.161479 0.78908 0.250131 -1.68062 -1.81293 0.108869 -0.338384 -0.308634 1.12677 0.283477 -0.878778 -0.910836 0.239717 -0.0669651 0.0223963 -1.20384 -1.65345 0.214487 -0.199569 -0.199569 
-1.07599 -1.07599 1.82122 1.48262 -1.44609 -0.517738 1.22384 0.326821 0.45631 0.681794 0.444538 -0.582832 -0.351287 -1.00279 -1.57796 0.758694 0.333204 -1.00055 0.424293 1.38739 0.884437 -0.381669 0.0502147 -1.37614 -1.19918 1.51682 -0.101985 -0.101985 
1.4188 1.4188 0.213403 -0.398744 0.53151 0.174976 -1.42086 -2.11998 -1.34611 -0.957867 -1.20054 -0.967548 -0.983445 -1.01721 -0.456455 0.396539 0.372457 -0.491948 -0.246449 0.139984 0.68061 0.404512 0.190052 0.756185 0.531647 1.72024 1.32873 1.32873 
0.205412 0.205412 -0.334388 -0.113242 0.621494 1.11239 0.382256 -0.10699 -1.35042 -2.40837 -0.497146 -0.600079 -1.67831 -0.444637 0.242655 -0.441617 -0.477387 0.672229 1.17753 0.660096 -0.851716 -1.05181 0.828069 0.668698 -0.928523 0.98236 1.76301 1.76301 
-2.00711 -2.00711 -0.961341 0.397624 0.680469 1.17375 0.544916 0.653173 1.03024 0.425042 0.960377 1.21681 -0.334074 0.133368 0.547943 -1.62584 -0.415765 1.47 0.946854 0.251687 -1.49162 -0.986369 -0.059276 -0.968606 -0.674519 -0.0712395 0.585317 0.585317 
0.757557 0.757557 0.253934 -0.269853 -0.0859768 0.0987064 0.669797 -0.0504379 -0.464159 0.864753 1.81418 1.45383 -0.328548 -0.836391 -0.0709156 -1.05047 -2.92653 -1.13764 1.25965 0.684875 0.127305 0.492495 0.951455 0.319279 -0.00271935 -0.736134 -1.2728 -1.2728 
-1.07518 -1.07518 0.70997 1.17037 0.0720426 -0.0541103 1.18847 0.729169 -1.04182 -1.91364 -1.10197 0.146468 1.63647 1.75474 0.0234049 -0.644763 -0.805083 -1.13118 0.18717 0.217786 -1.52769 0.240024 1.67067 1.11682 0.0994361 -0.501202 -0.0455956 -0.0455956 
1.0284 1.0284 0.0723804 -0.988478 -0.346389 0.850894 1.73634 1.63698 0.770173 0.45687 0.0759484 -0.370527 0.37628 -0.653721 -1.99311 -1.13834 -0.572484 -0.564782 -0.278809 -0.0557605 -0.309484 -1.42945 0.533057 1.65532 -1.45124 -1.33509 0.633308 0.633308 
0.408793 0.408793 -0.360198 -1.02211 -1.11004 -1.68717 -1.17227 0.414792 -0.548427 -0.0391884 1.79067 1.10044 0.939903 1.20629 1.03134 0.261749 -0.191256 0.206721 0.00334546 0.911216 1.49513 -0.733348 -1.30062 0.583058 -1.10262 -2.13145 0.31823 0.31823 
-0.62634 -0.62634 -0.75701 -0.00807172 0.613673 0.578561 -0.394444 -0.550711 -0.445861 -0.387444 -0.111154 -0.513582 -0.0265363 0.367421 -0.0414794 0.332197 -0.074677 -0.396712 -0.288301 -2.21093 -2.06136 1.80106 2.71896 1.237 1.24129 0.710705 -0.039954 -0.039954 
0.891113 0.891113 0.767043 -0.69963 -0.92641 0.294387 1.24197 -0.538142 -1.67168 -0.380889 -0.074801 -0.233526 0.113428 0.214526 -0.278992 -0.196828 0.0255984 -0.703782 -0.361658 -0.323325 -2.17465 -1.80605 0.832685 1.8562 2.03638 1.17188 0.0170117 0.0170117 
0.0695114 0.0695114 0.571574 0.643874 -0.921963 -1.73096 -0.747196 0.184933 1.30872 1.65172 1.65578 0.964626 -0.870931 -0.887577 -0.442278 -0.824046 0.483229 0.913422 -0.278877 1.29769 1.94541 -0.370722 -1.1446 -1.0984 -1.15964 -0.704157 -0.289328 -0.289328 
0.412137 0.412137 0.83431 0.402797 0.294191 -0.198741 -0.264829 0.957858 -0.173357 -1.83933 0.440027 1.86331 0.720233 0.0527577 -0.949369 -1.08119 -0.21662 -1.11637 -2.36576 -1.83409 -0.48344 1.05619 1.54002 0.0405054 0.0862037 0.967324 0.221546 0.221546 
-1.0781 -1.0781 -2.08144 0.0926569 0.993741 0.296627 0.414496 -0.370439 0.31056 0.488798 -1.62276 -1.32475 1.49857 1.26776 -0.118814 1.26089 0.621077 -1.28261 -0.688097 1.00684 0.805579 0.0278884 -0.646005 -1.04099 1.22657 1.25262 -0.116288 -0.116288 
1.54916 1.54916 1.36061 -1.88359 -1.17808 1.4226 0.406132 -0.491571 0.133503 -0.0707214 -0.76838 -0.507326 -0.298024 -0.747246 0.916729 1.00008 -1.04381 -0.0134422 1.26557 0.192068 -1.04928 -0.528707 -0.617943 -0.759897 1.54679 0.546812 -0.965604 -0.965604 
-1.19031 -1.19031 -1.8284 0.397741 0.664184 -1.96894 -2.32604 0.144073 1.27751 0.217897 0.0560646 0.292444 0.0143842 0.615474 1.53981 0.93019 -0.859979 -0.578975 0.724864 1.0325 0.341891 -0.445188 0.432729 0.422224 1.07106 0.897008 -0.341949 -0.341949 
-0.481754 -0.481754 -0.32025 0.610554 0.807555 -0.262251 -0.978058 -1.35292 -1.76825 0.535617 1.23307 -0.950146 0.0259864 1.31536 -0.0853283 -0.613387 0.725916 1.12106 -0.0963954 -1.56951 -1.33775 1.13923 1.16896 -1.37039 0.141535 1.87812 0.482583 0.482583 
0.622835 0.622835 1.68111 1.08699 0.412849 -0.297107 -0.596937 0.186393 -0.369201 -0.245952 0.42503 -1.19958 -1.03526 0.495313 -1.56151 -0.942022 2.2193 0.869575 -1.14029 -2.09047 -1.15567 0.92387 -0.177714 -0.670659 0.507265 0.789534 0.319738 0.319738 
-0.226588 -0.226588 -0.595807 -0.111186 0.388217 0.661166 0.0232859 -0.670912 0.773541 1.73443 0.543659 -1.382 -1.48597 0.310025 -0.0224889 -1.88452 0.0669724 3.07927 1.41312 -0.669776 -0.00719136 0.709365 0.00631758 -0.544183 -0.615547 -0.766865 -0.249878 -0.249878 
0.996625 0.996625 1.27785 -0.483473 -0.841761 0.588146 0.384649 -1.45614 -1.70812 -0.130543 1.16458 1.57892 0.88858 -1.07912 -1.5595 -0.599874 -0.390926 0.512297 0.73019 -1.1413 -0.0802209 1.85986 0.441775 -1.05357 -1.08215 -0.182395 0.184495 0.184495 
-0.627576 -0.627576 -1.31824 -0.277803 1.19234 1.35078 0.506611 -0.634181 -0.773469 -0.457135 -0.543836 0.190362 -0.189537 -1.54774 -0.320675 0.919722 0.368246 0.186028 0.326228 -0.0251371 -0.899493 0.543363 2.00315 -1.29703 -1.95205 1.35196 1.27634 1.27634 
-0.573627 -0.573627 -1.03523 -0.560275 -0.501151 -0.0807435 1.42852 0.397705 -0.353945 1.59389 0.757407 -0.630657 0.0364637 0.0264156 -0.696048 -0.889959 -0.0757244 0.0983627 0.453951 1.00299 -1.18423 -1.98705 0.880685 0.100732 -1.93039 0.953525 1.671 1.671 
